0.089187
0.09714
0.098253
0.101134
0.100213
0.104468
0.108013
0.109604
0.012074
0.018967
0.025677
0.009002
0.012
0.008999
0.011997
0.008002
0.020001
0.017
0.012002
0.014001
0.012007
0.019999
0.025002
0.025002
0.024003
0.022
0.019
0.036
0.022
0.036997
0.028996
0.032002
0.029002
0.033
0.038
0.032994
0.062999
0.057998
0.037998
0.046999
0.044996
0.060001
0.041001
0.044996
0.042
0.053997
0.066
0.047998
0.051002
0.046997
0.052997
0.056995
0.063994
0.057995
0.062997
0.063997
0.060997
0.058998
0.065997
0.065995
0.081999
0.063
0.072
0.070001
0.078
0.062997
0.066997
0.079999
0.065
0.065998
0.065996
0.072001
0.074
0.079998
0.076995
0.073999
0.081998
0.079998
0.081995
0.085996
0.079995
0.082994
0.088
0.084995
0.084998
0.094994
0.091
0.092995
0.092
0.087999
0.089996
0.087998
0.089
0.094999
0.092999
0.092996
0.095998
0.094996
0.094998
0.096996
0.001002
0.003626
0.004243
0.004449
0.002331
0.003946
0.005024
0.005418
0.001511
0.001547
0.001067
0.001293
0.001062
0.001544
0.001067
0.001058
0.001613
0.002682
0.004312
0.006476
0.009137
0.011258
0.01306
0.015252
0.01725
0.019019
0.019805
0.022461
0.024048
0.026279
0.02732
0.028942
0.030037
0.031646
0.032264
0.030609
0.033356
0.032735
0.035164
0.038354
0.037164
0.038735
0.038614
0.041733
0.041615
0.044785
0.043087
0.043573
0.045548
0.044451
0.046484
0.050087
0.051089
0.054165
0.049832
0.055547
0.052776
0.050306
0.060018
0.054968
0.054658
0.065087
0.069787
0.066484
0.068486
0.066833
0.068303
0.072956
0.070776
0.077614
0.073248
0.073682
0.075249
0.081017
0.080897
0.077967
0.079418
0.089087
0.090109
0.094355
0.084839
0.085839
0.089776
0.089461
0.098616
0.096424
0.099016
0.099957
0.097249
0.093354
0.093776
0.093542
0.101247
0.098658
0.095866
0.099776
0.102136
0.106967
0.108682
0.101864
0.002003
0.002778
0.004527
0.00396
0.001
0.002813
0.003875
0.005484
0.001638
0.000813
0.001061
0.001487
0.001622
0.001341
0.00107
0.001079
0.001613
0.002131
0.003201
0.004291
0.004803
0.00554
0.0067
0.007248
0.007813
0.006315
0.003804
0.001057
0.001602
0.004318
0.006451
0.008009
0.009599
0.011269
0.012416
0.014476
0.015818
0.01966
0.020276
0.022982
0.025105
0.023491
0.026806
0.028436
0.029002
0.030111
0.031192
0.030581
0.033184
0.031518
0.03458
0.037726
0.037645
0.039725
0.039051
0.037411
0.03946
0.042052
0.04146
0.042937
0.041222
0.04388
0.044882
0.051647
0.04946
0.04835
0.048807
0.049805
0.049011
0.056519
0.053221
0.054224
0.055679
0.05668
0.058136
0.06499
0.060013
0.055591
0.066104
0.069239
0.071237
0.071711
0.07371
0.069896
0.07072
0.079239
0.072945
0.077915
0.080993
0.081878
0.089351
0.086106
0.08818
0.087522
0.09329
0.09376
0.090877
0.091312
0.095648
0.089782
0.001444
0.002883
0.003969
0.005138
0.001367
0.00217
0.003244
0.00379
0.001387
0.001538
0.001079
0.0014
0.001616
0.00204
0.001113
0.002125
0.002641
0.004396
0.014605
0.017345
0.017917
0.019035
0.018934
0.020543
0.021107
0.020029
0.018484
0.013551
0.008761
0.009829
0.010936
0.010864
0.010874
0.011021
0.008792
0.005033
0.005605
0.007196
0.004304
0.004816
0.007458
0.009029
0.011022
0.013225
0.016876
0.019175
0.020251
0.021849
0.023462
0.022426
0.025094
0.026171
0.027773
0.027852
0.028786
0.032377
0.033377
0.032734
0.035848
0.03421
0.03785
0.03621
0.034043
0.038733
0.039152
0.039628
0.041091
0.042093
0.04152
0.045681
0.049313
0.048152
0.044605
0.049627
0.052735
0.049991
0.053629
0.048267
0.051994
0.054157
0.057565
0.056156
0.058156
0.05635
0.065211
0.060994
0.067092
0.065158
0.067793
0.070568
0.072569
0.071609
0.073606
0.079092
0.076995
0.077902
0.081606
0.081997
0.085791
0.083267
0.001005
0.002773
0.003835
0.004472
0.001655
0.002156
0.003768
0.004964
0.001441
0.001508
0.001079
0.001322
0.001609
0.001594
0.001068
0.001133
0.001602
0.003197
0.003767
0.004842
0.005907
0.005912
0.006997
0.008075
0.00918
0.007031
0.005413
0.001083
0.002172
0.003252
0.005024
0.005005
0.005002
0.004322
0.00215
0.002159
0.002709
0.00329
0.001084
0.001058
0.002169
0.004027
0.005124
0.006225
0.003831
0.001085
0.001061
0.002107
0.00476
0.005823
0.007947
0.010177
0.012411
0.013347
0.014887
0.01839
0.017802
0.01933
0.020802
0.021266
0.022737
0.023209
0.024677
0.029329
0.026619
0.030736
0.030678
0.030083
0.031084
0.034208
0.035148
0.036678
0.040804
0.038618
0.041735
0.040083
0.041083
0.043146
0.047269
0.041975
0.04556
0.046033
0.045335
0.046335
0.051618
0.047116
0.052492
0.054032
0.055559
0.052737
0.054933
0.055935
0.060561
0.061031
0.057031
0.057069
0.061117
0.067617
0.061158
0.070084
0.001893
0.003272
0.004369
0.004933
0.001392
0.002171
0.003986
0.005145
0.001544
0.001445
0.001098
0.001311
0.001083
0.001611
0.001063
0.001081
0.001078
0.002214
0.00275
0.004367
0.004893
0.005415
0.005958
0.006504
0.008146
0.006014
0.004862
0.001068
0.002361
0.003987
0.004841
0.005398
0.004825
0.004293
0.002146
0.001615
0.002712
0.003249
0.001095
0.001057
0.002137
0.002678
0.003744
0.005371
0.002768
0.001079
0.001088
0.001077
0.002693
0.003784
0.004866
0.00434
0.004891
0.002691
0.001571
0.001073
0.001119
0.002727
0.003822
0.005363
0.00723
0.009135
0.011723
0.013992
0.015607
0.016688
0.017788
0.018864
0.019401
0.019881
0.021558
0.022104
0.023021
0.025673
0.02714
0.027614
0.02591
0.02638
0.028963
0.030494
0.032493
0.03191
0.031839
0.036612
0.035441
0.034401
0.036302
0.037042
0.039379
0.04144
0.040839
0.040716
0.04438
0.044839
0.04638
0.048381
0.049909
0.04984
0.048716
0.04915
0.001807
0.002679
0.003773
0.005385
0.001388
0.002153
0.002698
0.004298
0.001542
0.001619
0.001075
0.001846
0.001606
0.001602
0.001079
0.001605
0.001607
0.002707
0.003232
0.004298
0.005354
0.006453
0.00645
0.00757
0.008115
0.006526
0.00543
0.001069
0.001645
0.003254
0.004417
0.004959
0.004375
0.004316
0.002157
0.001627
0.002689
0.003771
0.001623
0.001081
0.002175
0.002726
0.003234
0.004843
0.003263
0.001091
0.001081
0.001178
0.002688
0.003806
0.004909
0.004369
0.004908
0.002707
0.001616
0.001605
0.001067
0.002184
0.002753
0.003826
0.003736
0.004307
0.002681
0.001081
0.003719
0.00535
0.007599
0.008489
0.010638
0.011743
0.012284
0.014965
0.015511
0.016138
0.018267
0.019856
0.020316
0.021316
0.023371
0.024314
0.023704
0.026851
0.026233
0.026165
0.029791
0.028085
0.030702
0.031703
0.032702
0.032557
0.032996
0.035086
0.035544
0.038164
0.038085
0.036836
0.039021
0.041642
0.041443
0.04412
0.002044
0.002906
0.004538
0.005612
0.001393
0.002212
0.002736
0.003819
0.00171
0.001351
0.001063
0.001336
0.001069
0.001087
0.001073
0.001071
0.001067
0.002734
0.003291
0.004413
0.005483
0.006478
0.006488
0.007585
0.007677
0.007101
0.006037
0.001066
0.002165
0.003776
0.004855
0.005411
0.004831
0.004861
0.002696
0.001622
0.002138
0.003768
0.001596
0.001059
0.002134
0.002677
0.003231
0.003819
0.002166
0.001591
0.00107
0.001164
0.00216
0.003233
0.004303
0.004284
0.004824
0.002694
0.001061
0.001051
0.001667
0.002718
0.003794
0.004342
0.004322
0.004333
0.003256
0.001587
0.002746
0.003888
0.004965
0.006026
0.006494
0.007034
0.008047
0.006411
0.007243
0.009391
0.011009
0.012633
0.013199
0.013764
0.01589
0.014835
0.017996
0.018556
0.017483
0.020075
0.020023
0.020934
0.021237
0.025551
0.025935
0.02748
0.03055
0.033604
0.033026
0.035551
0.033062
0.03748
0.036062
0.041022
0.040237
0.04163
0.001854
0.003468
0.004578
0.006167
0.001543
0.002159
0.002708
0.009611
0.001326
0.001375
0.001059
0.00131
0.00107
0.001077
0.001049
0.001077
0.001083
0.002142
0.003337
0.004429
0.006059
0.006581
0.007081
0.008214
0.008641
0.00753
0.00646
0.001611
0.001641
0.003256
0.004883
0.005389
0.005379
0.005433
0.00275
0.001629
0.002694
0.003751
0.001672
0.001118
0.002219
0.002843
0.003299
0.00385
0.002145
0.001081
0.001068
0.001117
0.002157
0.002709
0.003789
0.00431
0.00487
0.00269
0.001075
0.001613
0.00107
0.001597
0.00321
0.003764
0.003784
0.003787
0.002154
0.001601
0.002672
0.003226
0.00485
0.005309
0.005784
0.005982
0.006529
0.004518
0.004331
0.003831
0.001615
0.001091
0.002681
0.004473
0.006363
0.008074
0.009128
0.010268
0.011341
0.012431
0.013494
0.014005
0.015614
0.015551
0.018142
0.018082
0.019006
0.019289
0.021547
0.023607
0.021747
0.02508
0.02608
0.025464
0.02729
0.027748
0.001641
0.003224
0.003821
0.004891
0.001632
0.002701
0.002713
0.003799
0.001787
0.0015
0.001084
0.001767
0.001073
0.001636
0.001059
0.001086
0.00221
0.003307
0.00436
0.004827
0.005956
0.006482
0.006984
0.007547
0.008628
0.008667
0.007009
0.001073
0.00225
0.004403
0.004923
0.006527
0.006529
0.007008
0.004277
0.001622
0.002703
0.003773
0.002124
0.001611
0.002736
0.00377
0.003744
0.004892
0.003294
0.001611
0.00105
0.001068
0.002177
0.002734
0.003827
0.004368
0.005516
0.00389
0.001148
0.001625
0.001057
0.001634
0.003233
0.004319
0.004311
0.00432
0.00323
0.001587
0.002782
0.003877
0.004941
0.005411
0.006506
0.006929
0.007493
0.005061
0.004954
0.00386
0.00162
0.001119
0.002771
0.003831
0.004842
0.006476
0.007623
0.009701
0.009713
0.010261
0.010268
0.01082
0.012421
0.013537
0.014618
0.015171
0.016689
0.017161
0.018161
0.018627
0.020161
0.021161
0.021628
0.023628
0.024629
0.024207
0.002012
0.003619
0.004542
0.006163
0.002095
0.00375
0.003855
0.004386
0.001068
0.001606
0.001103
0.001922
0.001608
0.001648
0.001306
0.001094
0.002215
0.003801
0.004389
0.005394
0.007172
0.007701
0.008231
0.008816
0.010413
0.009339
0.009433
0.003039
0.002695
0.004338
0.004903
0.005969
0.00757
0.007562
0.004832
0.001894
0.002932
0.004568
0.002701
0.002712
0.003867
0.00438
0.004912
0.006112
0.004416
0.001656
0.001059
0.00109
0.003256
0.003914
0.005045
0.006105
0.006687
0.005465
0.001067
0.002352
0.002771
0.003404
0.004978
0.006077
0.005385
0.005928
0.004866
0.001583
0.003269
0.004413
0.00549
0.005955
0.006433
0.007884
0.007835
0.005001
0.004999
0.004001
0.001999
0.000998
0.002001
0.004001
0.005001
0.007002
0.007999
0.009
0.007999
0.01
0.008999
0.011001
0.011996
0.013996
0.014001
0.015001
0.016002
0.017
0.018999
0.021002
0.023
0.024001
0.026001
0.027001
0.029002
0.03
0.002466
0.004081
0.004974
0.00606
0.001999
0.003605
0.00383
0.004875
0.002
0.002
0.000999
0.001315
0.001077
0.001627
0.001074
0.001086
0.001577
0.003199
0.004252
0.00534
0.006415
0.00696
0.008178
0.009829
0.011353
0.012825
0.011116
0.005001
0.002001
0.004
0.006
0.007
0.008999
0.008
0.008
0.003
0.005001
0.005998
0.005999
0.005999
0.007001
0.008
0.009002
0.009998
0.008999
0.005997
0.005002
0.003003
0.005002
0.005001
0.005999
0.005999
0.008
0.005999
0.001
0.000999
0.002001
0.002
0.003001
0.004001
0.005001
0.006001
0.006
0.000999
0.002002
0.002
0.002999
0.002997
0.004999
0.005999
0.008
0.006
0.004999
0.004001
0.002999
0.001002
0.001
0.002004
0.004001
0.005
0.007001
0.008
0.008001
0.008002
0.008999
0.011001
0.011998
0.012997
0.014
0.013998
0.014999
0.014999
0.014999
0.016001
0.018002
0.020001
0.02
0.020999
0.023
0.024001
0.002023
0.003625
0.00525
0.00618
0.001819
0.002704
0.003791
0.004335
0.001442
0.00158
0.001074
0.001377
0.00106
0.001089
0.001054
0.001077
0.001054
0.002654
0.002872
0.004009
0.004569
0.005637
0.005968
0.00645
0.007507
0.008069
0.006983
0.001082
0.001543
0.002366
0.002696
0.003235
0.004275
0.004891
0.00434
0.001591
0.003194
0.003193
0.003401
0.002877
0.003258
0.003949
0.003926
0.005556
0.00382
0.001093
0.001063
0.001092
0.00221
0.002155
0.003233
0.003794
0.004885
0.003785
0.001083
0.002807
0.007015
0.006432
0.006963
0.00805
0.008049
0.008601
0.007627
0.002225
0.003175
0.003789
0.003781
0.00375
0.005369
0.006467
0.007541
0.005954
0.005362
0.003843
0.002753
0.001616
0.001055
0.001065
0.002783
0.003832
0.005446
0.006561
0.006521
0.006501
0.007029
0.008136
0.008663
0.010291
0.011391
0.010272
0.01134
0.011328
0.011893
0.011315
0.011843
0.012394
0.013383
0.013859
0.015303
0.016316
0.002
0.003001
0.005109
0.005728
0.001595
0.003202
0.004271
0.004849
0.001436
0.001351
0.001128
0.001526
0.001062
0.001615
0.00163
0.001069
0.001599
0.00319
0.003748
0.00429
0.004804
0.005877
0.006411
0.006401
0.008016
0.009092
0.008094
0.001073
0.001685
0.002481
0.003289
0.003807
0.004347
0.004853
0.004307
0.001603
0.002689
0.002873
0.003399
0.00378
0.004308
0.005408
0.006079
0.008343
0.013041
0.011949
0.01148
0.011184
0.01231
0.011686
0.013401
0.014493
0.016066
0.015967
0.010951
0.009286
0.008765
0.009828
0.009899
0.011495
0.010939
0.011463
0.012499
0.006464
0.006923
0.006851
0.007775
0.008703
0.009154
0.01117
0.012152
0.01
0.009
0.008
0.006
0.006001
0.006002
0.005999
0.007999
0.009001
0.01
0.012001
0.012
0.011998
0.012998
0.014
0.015002
0.017001
0.019
0.018001
0.018999
0.019999
0.020999
0.019999
0.022
0.022999
0.024
0.025001
0.026
0.028002
0.001003
0.003453
0.004624
0.006244
0.002762
0.004404
0.006014
0.00716
0.001881
0.001696
0.001131
0.001799
0.001628
0.001617
0.001632
0.001078
0.002117
0.004247
0.005378
0.005937
0.00703
0.008129
0.009174
0.009778
0.010954
0.012547
0.011417
0.004297
0.001618
0.003802
0.004388
0.004377
0.005458
0.006565
0.006493
0.001643
0.002719
0.003312
0.003879
0.004359
0.004333
0.005384
0.005485
0.007128
0.005491
0.0027
0.00171
0.001092
0.002138
0.001601
0.003041
0.003515
0.004985
0.003002
0.000999
0.001001
0.001001
0.002002
0.002999
0.003998
0.003996
0.003
0.004
0.001001
0.002
0.003001
0.002999
0.004003
0.004002
0.005
0.007001
0.006
0.005
0.003998
0.003001
0.002
0.001002
0.001001
0.003003
0.004999
0.005002
0.005997
0.007998
0.007999
0.008996
0.009996
0.011
0.011
0.012998
0.012999
0.014001
0.014001
0.013999
0.014001
0.015003
0.016002
0.017002
0.017001
0.018
0.018998
0.001573
0.002635
0.005133
0.006754
0.002326
0.003253
0.005548
0.006635
0.001477
0.001907
0.001143
0.001335
0.001606
0.001701
0.001602
0.00105
0.002124
0.003759
0.004864
0.005394
0.006977
0.007036
0.008105
0.008673
0.009776
0.010295
0.010321
0.00325
0.002106
0.003719
0.004999
0.004302
0.00589
0.006403
0.0064
0.001605
0.003756
0.004454
0.004494
0.004516
0.004313
0.00541
0.005417
0.007076
0.005603
0.002692
0.001603
0.001071
0.001619
0.002115
0.002881
0.004043
0.005199
0.003842
0.001055
0.001613
0.001067
0.002272
0.003343
0.004445
0.004374
0.003795
0.004899
0.001623
0.0027
0.003753
0.003891
0.00494
0.005007
0.00615
0.00773
0.007106
0.006647
0.004917
0.003817
0.002671
0.002725
0.002696
0.004313
0.004896
0.005421
0.006334
0.007987
0.007991
0.009086
0.010227
0.011978
0.013064
0.014684
0.015258
0.015935
0.015876
0.015868
0.014779
0.016746
0.016654
0.018653
0.018498
0.01943
0.020431
0.00223
0.003854
0.005481
0.005959
0.002016
0.003714
0.004635
0.005719
0.001462
0.001384
0.001134
0.001623
0.00106
0.001063
0.001619
0.001662
0.002157
0.003777
0.005391
0.005381
0.006459
0.006452
0.006992
0.007528
0.008618
0.009711
0.009307
0.002137
0.001133
0.003293
0.004901
0.004272
0.004811
0.005351
0.006419
0.001625
0.002701
0.004572
0.005115
0.003987
0.003773
0.004849
0.005427
0.006533
0.004989
0.002153
0.001133
0.001087
0.001636
0.001602
0.002171
0.00216
0.003784
0.002146
0.001069
0.001595
0.001237
0.00161
0.003208
0.003751
0.004319
0.003326
0.004406
0.001591
0.00215
0.002699
0.003223
0.003783
0.003786
0.004845
0.006516
0.006048
0.005502
0.003758
0.002677
0.002131
0.001615
0.001058
0.002682
0.004229
0.004709
0.005283
0.006896
0.006469
0.008084
0.008186
0.009741
0.010816
0.012516
0.013015
0.014089
0.013538
0.013517
0.013897
0.014368
0.014295
0.016277
0.016219
0.016133
0.017133
0.001627
0.003956
0.005652
0.006725
0.002188
0.002714
0.004326
0.005946
0.001571
0.001593
0.001074
0.001351
0.001056
0.001069
0.001062
0.001097
0.002151
0.003349
0.004979
0.006067
0.006578
0.006673
0.007756
0.008703
0.009258
0.010344
0.009825
0.002148
0.001571
0.003185
0.004811
0.004834
0.00535
0.005893
0.006415
0.001592
0.003202
0.004446
0.005011
0.003952
0.003843
0.004366
0.004909
0.006531
0.004917
0.001594
0.00108
0.001068
0.002156
0.001668
0.002159
0.002218
0.00276
0.00215
0.00109
0.001598
0.001045
0.001632
0.002714
0.003798
0.004316
0.003751
0.004821
0.001587
0.002127
0.003184
0.003213
0.003799
0.004334
0.00434
0.005978
0.005934
0.0049
0.002715
0.002172
0.001643
0.001628
0.001133
0.002793
0.003867
0.004931
0.004852
0.00645
0.006473
0.008097
0.009267
0.010943
0.011559
0.013149
0.01368
0.014199
0.014162
0.014703
0.014052
0.014496
0.014428
0.015414
0.016304
0.017136
0.019164
0.001975
0.002704
0.004339
0.005989
0.001826
0.002744
0.004369
0.004909
0.001552
0.000802
0.001079
0.001711
0.001613
0.001065
0.001613
0.001068
0.001667
0.002815
0.005516
0.006608
0.00716
0.0076
0.008678
0.010307
0.011347
0.012959
0.011692
0.003683
0.001603
0.003294
0.004902
0.005444
0.005991
0.007077
0.007625
0.002207
0.003276
0.004338
0.005966
0.004886
0.004336
0.005417
0.005933
0.007581
0.005941
0.002156
0.001091
0.001073
0.002762
0.00162
0.002706
0.002674
0.003218
0.00215
0.001078
0.001055
0.001612
0.002164
0.002675
0.004322
0.004316
0.003761
0.004864
0.001419
0.002695
0.003227
0.00326
0.004302
0.004287
0.004827
0.005897
0.005894
0.005373
0.00328
0.002145
0.001622
0.001621
0.001048
0.001619
0.002158
0.003769
0.002667
0.004263
0.004343
0.004876
0.006477
0.007034
0.008138
0.009211
0.010309
0.011346
0.0113
0.011843
0.011276
0.01235
0.01237
0.013458
0.013449
0.01389
0.014338
0.001849
0.002332
0.003409
0.005041
0.001635
0.00254
0.004134
0.005214
0.001353
0.000816
0.001073
0.001341
0.001605
0.001073
0.001653
0.001071
0.001081
0.003747
0.005499
0.006054
0.007235
0.007251
0.008325
0.008862
0.010473
0.011551
0.011391
0.002663
0.001588
0.002741
0.00381
0.004853
0.005937
0.006473
0.006995
0.001631
0.003359
0.003882
0.005475
0.004975
0.004835
0.005422
0.005956
0.007084
0.006039
0.002689
0.001081
0.001091
0.002689
0.001636
0.002728
0.0027
0.003256
0.002702
0.001073
0.001608
0.001612
0.002193
0.00326
0.004347
0.004832
0.003753
0.004834
0.001639
0.002746
0.003289
0.003253
0.004325
0.004312
0.004277
0.005898
0.005929
0.00543
0.0027
0.002145
0.001069
0.001093
0.001143
0.001622
0.002186
0.003762
0.002674
0.004276
0.004339
0.004883
0.005933
0.007307
0.008896
0.009976
0.011077
0.012148
0.01158
0.01211
0.012099
0.012395
0.012363
0.012887
0.012826
0.013768
0.014215
0.001457
0.002859
0.003941
0.005569
0.001442
0.002359
0.004023
0.005045
0.001056
0.001611
0.001082
0.001119
0.001645
0.001051
0.001115
0.001082
0.002178
0.003809
0.005443
0.006493
0.007562
0.007608
0.008684
0.009225
0.010835
0.011889
0.011872
0.003766
0.001868
0.003262
0.003781
0.004856
0.005403
0.006994
0.006982
0.002196
0.003264
0.005437
0.006649
0.006064
0.006075
0.006064
0.007135
0.008302
0.007098
0.003295
0.001604
0.001091
0.002675
0.001092
0.001619
0.002151
0.002758
0.002196
0.001081
0.001605
0.001601
0.002746
0.003285
0.004347
0.004905
0.003753
0.004841
0.001597
0.002151
0.003213
0.003223
0.003845
0.004394
0.004403
0.00549
0.005406
0.004869
0.002678
0.002159
0.001076
0.001078
0.001077
0.001647
0.002146
0.00322
0.001619
0.003748
0.004362
0.004921
0.005985
0.007024
0.008717
0.009808
0.011443
0.012473
0.011943
0.012481
0.012432
0.012421
0.011822
0.013823
0.014219
0.014129
0.015606
0.001596
0.003026
0.003304
0.004916
0.001313
0.002205
0.003275
0.004368
0.000736
0.000815
0.001083
0.00138
0.001639
0.001061
0.001053
0.001124
0.001611
0.002758
0.003938
0.005185
0.006261
0.005656
0.006692
0.007184
0.008874
0.010002
0.010942
0.003232
0.001861
0.003275
0.004397
0.004373
0.00491
0.005992
0.007065
0.001616
0.002742
0.003812
0.005432
0.005965
0.005368
0.005361
0.006468
0.007008
0.006486
0.002128
0.001087
0.001315
0.002376
0.001075
0.001692
0.001628
0.002716
0.002692
0.001097
0.002172
0.004364
0.004331
0.005436
0.005414
0.006511
0.005373
0.007023
0.002206
0.002163
0.003815
0.003271
0.004358
0.004819
0.00485
0.005407
0.005937
0.005946
0.002693
0.002673
0.002192
0.001663
0.001597
0.002152
0.002682
0.003768
0.001593
0.003199
0.004273
0.004841
0.005451
0.005975
0.007731
0.00938
0.011025
0.011574
0.012096
0.012589
0.013147
0.013664
0.012542
0.013681
0.01456
0.014479
0.015948
0.002028
0.002835
0.003379
0.005007
0.001313
0.002245
0.003408
0.005029
0.001459
0.000829
0.001209
0.001317
0.001623
0.001587
0.001067
0.001118
0.002215
0.003851
0.004448
0.006041
0.007059
0.006515
0.008076
0.008091
0.00947
0.011778
0.012319
0.005878
0.002233
0.004423
0.005486
0.006003
0.006545
0.007542
0.008636
0.001592
0.003274
0.004404
0.006041
0.006567
0.006503
0.006528
0.007546
0.008644
0.008084
0.004292
0.002678
0.001464
0.003112
0.002249
0.004367
0.003785
0.004355
0.004343
0.001086
0.001622
0.00268
0.002147
0.003233
0.003243
0.004874
0.004298
0.005987
0.002229
0.002782
0.003804
0.003783
0.004306
0.004332
0.004938
0.006019
0.006059
0.005517
0.00269
0.002831
0.002166
0.002135
0.002166
0.002166
0.002688
0.003767
0.001729
0.003325
0.00435
0.00542
0.0054
0.006489
0.006469
0.008222
0.009327
0.010921
0.012068
0.01263
0.013155
0.01369
0.012604
0.01258
0.013553
0.014496
0.014971
0.001805
0.003387
0.002827
0.004484
0.001867
0.002738
0.003229
0.004357
0.001459
0.000772
0.001217
0.001295
0.001657
0.001063
0.001647
0.001107
0.001596
0.003286
0.003839
0.004918
0.005527
0.005944
0.006518
0.00759
0.008141
0.00868
0.010287
0.003221
0.001736
0.0034
0.004327
0.004873
0.005947
0.006489
0.007034
0.001602
0.002683
0.003215
0.004896
0.00542
0.005974
0.006476
0.00705
0.007529
0.006526
0.002753
0.001602
0.001619
0.002158
0.00162
0.002147
0.001751
0.002727
0.002677
0.001073
0.001068
0.002212
0.001071
0.002147
0.002152
0.003742
0.003224
0.004282
0.001075
0.001604
0.002675
0.003292
0.004371
0.004366
0.004848
0.005391
0.005378
0.004843
0.00164
0.001614
0.001613
0.001077
0.00109
0.0016
0.002151
0.002716
0.00161
0.002686
0.003745
0.005395
0.006021
0.006566
0.007087
0.008141
0.008791
0.010962
0.012044
0.013623
0.0142
0.015891
0.015466
0.015904
0.017361
0.018828
0.020297
0.001001
0.002001
0.002161
0.002696
0.001445
0.002301
0.002702
0.003278
0.001326
0.001682
0.001611
0.001297
0.001172
0.001077
0.00159
0.001091
0.001697
0.003294
0.00435
0.004799
0.005864
0.005895
0.006958
0.007503
0.008049
0.009126
0.010216
0.003305
0.002161
0.003851
0.004392
0.006013
0.006552
0.007071
0.007605
0.001616
0.002715
0.003225
0.004841
0.005375
0.005901
0.005909
0.006995
0.006998
0.006475
0.002161
0.001065
0.001224
0.001767
0.001085
0.00161
0.001076
0.002141
0.002134
0.001084
0.001256
0.001798
0.001065
0.002135
0.002636
0.00376
0.003205
0.004277
0.001696
0.001593
0.002681
0.003204
0.003769
0.004296
0.004305
0.004868
0.004844
0.004319
0.001667
0.001632
0.001088
0.001073
0.001086
0.001064
0.001615
0.002153
0.001608
0.003308
0.004387
0.005479
0.005995
0.006431
0.007507
0.008576
0.008588
0.009137
0.010741
0.011279
0.012346
0.013447
0.012397
0.012925
0.013386
0.013855
0.014323
