2.714257
2.703957
2.706041
2.708102
2.708493
2.712181
2.712041
2.717318
2.709738
2.713421
2.717642
2.719101
2.721712
2.724249
2.727422
2.727316
2.728851
2.725493
2.734255
2.736258
2.723143
2.724681
2.726678
2.728201
2.731811
2.733328
2.73274
2.73742
2.737871
2.739958
2.744179
2.746713
2.745577
2.749809
2.751774
2.753851
2.753248
2.757425
2.759259
2.759948
2.762256
2.76426
2.765856
2.752734
2.769847
2.757866
2.760399
2.766232
2.761866
2.76233
2.763791
2.766399
2.768462
2.770011
2.771461
2.775174
2.76108
2.764084
2.768083
2.771078
2.774663
2.774598
2.77008
2.770082
2.771083
2.771082
2.77608
2.778079
2.776082
2.779081
2.78208
2.78408
2.784079
2.78508
2.787081
2.789084
2.790081
2.793082
2.794311
2.794829
2.797444
2.800055
2.795124
2.803733
2.805339
2.805964
2.80857
2.808626
2.811672
2.810624
2.806623
2.816742
2.816671
2.818202
2.811625
2.821204
2.821141
2.824744
2.817624
2.820624
1.004676
0.999309
1.001467
1.003624
1.00581
1.007993
1.010157
1.013137
1.014222
1.017411
1.019843
1.022052
1.024747
1.026465
1.028657
1.030065
1.034058
1.034793
1.035479
1.038
1.038709
1.041904
1.042984
1.044505
1.047391
1.04895
1.050947
1.051946
1.053944
1.055065
1.057944
1.057143
1.05914
1.061063
1.062141
1.063141
1.065065
1.067063
1.067139
1.069063
1.06914
1.072065
1.072141
1.074065
1.076146
1.077064
1.078064
1.080064
1.08014
1.081139
1.083945
1.085944
1.085141
1.087064
1.088139
1.090139
1.092943
1.093944
1.093141
1.095063
1.097944
1.098946
1.09814
1.101944
1.101138
1.103063
1.105063
1.106944
1.107944
1.108945
1.109063
1.111063
1.113946
1.115065
1.117946
1.119946
1.121065
1.123065
1.124141
1.126141
1.12914
1.131064
1.132141
1.134141
1.136141
1.13814
1.140139
1.141139
1.144065
1.14414
1.147063
1.147139
1.149139
1.15114
1.153139
1.154139
1.156944
1.157139
1.158138
1.160063
1.006968
0.994137
0.996316
0.999072
1.001263
1.003545
1.006409
1.007733
1.011072
1.012113
1.014064
1.017824
1.018905
1.021154
1.025297
1.027488
1.030249
1.032421
1.034087
1.036774
1.036947
1.040836
1.040946
1.042947
1.045835
1.046903
1.049836
1.052837
1.051944
1.05403
1.056159
1.057231
1.058841
1.061458
1.063658
1.066926
1.067923
1.069923
1.070923
1.072922
1.073922
1.074924
1.076924
1.077925
1.081854
1.084855
1.086862
1.088855
1.090857
1.092855
1.093923
1.093964
1.094963
1.096963
1.097964
1.099963
1.101964
1.103963
1.105963
1.106963
1.110968
1.112966
1.114966
1.117967
1.120923
1.122965
1.124968
1.126965
1.129563
1.131605
1.134606
1.137562
1.138606
1.139604
1.141604
1.144562
1.145605
1.147606
1.149607
1.15256
1.154604
1.156604
1.159605
1.161604
1.164493
1.163604
1.166492
1.166604
1.168561
1.170561
1.173561
1.175174
1.177107
1.178182
1.180732
1.180857
1.18245
1.184047
1.184702
1.186317
1.004336
0.998066
1.00108
1.003247
1.005992
1.008691
1.009969
1.012582
1.015645
1.016086
1.018308
1.021619
1.023536
1.02663
1.028795
1.030428
1.03263
1.033613
1.035614
1.038495
1.040613
1.042616
1.043614
1.045613
1.051615
1.053614
1.055615
1.058495
1.060495
1.059671
1.062614
1.063613
1.068614
1.07068
1.071613
1.072671
1.073671
1.074671
1.078495
1.080496
1.079672
1.081673
1.083614
1.084671
1.086612
1.086672
1.088671
1.089671
1.090673
1.093617
1.094672
1.096613
1.098613
1.099616
1.100614
1.101613
1.103613
1.104613
1.106614
1.108613
1.109681
1.111614
1.113497
1.114496
1.115495
1.117496
1.118495
1.120497
1.122495
1.122613
1.123672
1.125615
1.125671
1.127671
1.128671
1.131496
1.133497
1.135497
1.136497
1.137497
1.137671
1.138672
1.139671
1.141673
1.142671
1.145673
1.149495
1.148672
1.150672
1.152672
1.153672
1.154673
1.156671
1.158617
1.159674
1.160673
1.162673
1.164617
1.167496
1.149672
1.012736
1.008179
1.009931
1.01381
1.017238
1.017876
1.020458
1.0217
1.027044
1.02889
1.031203
1.033202
1.035204
1.043204
1.046203
1.048895
1.052204
1.054896
1.056204
1.058945
1.061482
1.063669
1.065808
1.06648
1.068774
1.070241
1.072539
1.073842
1.07584
1.077841
1.079533
1.081533
1.083532
1.084532
1.086532
1.087533
1.088534
1.090534
1.092534
1.093842
1.094897
1.095896
1.096897
1.098896
1.099896
1.100897
1.103897
1.104896
1.105896
1.106896
1.108897
1.109896
1.110896
1.111897
1.112898
1.114899
1.11784
1.117896
1.118896
1.120896
1.121896
1.122897
1.123897
1.125896
1.126896
1.128897
1.130897
1.132839
1.132896
1.133896
1.135896
1.136896
1.137896
1.138897
1.140896
1.14384
1.14484
1.14584
1.146896
1.147896
1.148897
1.15084
1.15284
1.15384
1.153895
1.158897
1.163896
1.16684
1.16784
1.171842
1.172842
1.17484
1.17584
1.17684
1.178841
1.17984
1.18084
1.182841
1.168897
1.170896
1.002434
0.995017
0.997058
0.999201
1.001416
1.003051
1.005239
1.007601
1.010044
1.012901
1.015115
1.017329
1.017908
1.021111
1.021446
1.025355
1.028427
1.030071
1.032892
1.034331
1.037644
1.038727
1.040877
1.042512
1.044119
1.045712
1.046177
1.055174
1.057707
1.059708
1.063175
1.065177
1.067176
1.069714
1.070126
1.072176
1.075176
1.077709
1.078706
1.080706
1.081174
1.082789
1.084706
1.087296
1.089297
1.091707
1.094295
1.095297
1.095125
1.098296
1.097124
1.100296
1.100126
1.104296
1.105298
1.105708
1.108295
1.109297
1.109174
1.109126
1.110125
1.112125
1.113126
1.115654
1.116653
1.117654
1.120173
1.120125
1.122173
1.122126
1.123125
1.124126
1.126125
1.130178
1.135706
1.135126
1.137126
1.138126
1.140127
1.141127
1.143147
1.144653
1.145653
1.147654
1.148653
1.149653
1.150653
1.151653
1.152653
1.154654
1.155653
1.157653
1.158653
1.159653
1.160654
1.162653
1.163653
1.165174
1.165653
1.168175
1.003549
1.001738
1.003885
1.006061
1.008796
1.011038
1.013321
1.014163
1.016377
1.018047
1.022017
1.023514
1.024214
1.027597
1.028926
1.030837
1.035063
1.036986
1.039235
1.040839
1.04246
1.04371
1.045309
1.047519
1.049683
1.051683
1.053876
1.054522
1.056683
1.059293
1.060061
1.062206
1.063297
1.065928
1.065987
1.067982
1.069983
1.069983
1.071984
1.073985
1.074983
1.075982
1.077984
1.079983
1.081984
1.083984
1.085983
1.088986
1.090986
1.092986
1.094986
1.096985
1.096982
1.099985
1.101985
1.103985
1.105983
1.107984
1.108984
1.107982
1.109986
1.111986
1.117985
1.119984
1.122984
1.123984
1.123982
1.123983
1.127987
1.128986
1.130984
1.131984
1.132984
1.134984
1.135984
1.134982
1.135982
1.136981
1.138985
1.139983
1.142982
1.143982
1.143982
1.144982
1.146982
1.147982
1.149982
1.150982
1.150983
1.154984
1.155984
1.157981
1.159983
1.160981
1.161982
1.163986
1.148983
1.150982
1.151983
1.153983
1.013263
1.003079
1.005225
1.007419
1.009594
1.011208
1.012842
1.015393
1.015473
1.017824
1.020037
1.022662
1.023933
1.026051
1.029647
1.030946
1.034146
1.035806
1.037119
1.045169
1.048252
1.049252
1.051251
1.05325
1.052733
1.056252
1.056731
1.05925
1.059732
1.061683
1.061732
1.063733
1.065685
1.066734
1.067733
1.070683
1.071683
1.072682
1.073683
1.074685
1.07786
1.076732
1.078684
1.079733
1.082683
1.082733
1.085683
1.086683
1.087683
1.088684
1.089682
1.090732
1.092686
1.094685
1.095683
1.096684
1.097732
1.098732
1.100682
1.101682
1.102683
1.103682
1.106357
1.107745
1.110252
1.110734
1.114253
1.116252
1.117255
1.125252
1.126253
1.128252
1.128733
1.129739
1.131735
1.133732
1.136683
1.138251
1.140251
1.139733
1.142744
1.143734
1.145684
1.146735
1.148734
1.150732
1.152683
1.152733
1.153732
1.155732
1.156732
1.157733
1.161732
1.162735
1.164732
1.166682
1.166731
1.169683
1.169732
1.170732
1.00436
0.994934
0.99708
0.99927
1.001448
1.003066
1.005737
1.008393
1.009806
1.01212
1.013765
1.014842
1.017074
1.018716
1.021052
1.022287
1.024278
1.025283
1.027278
1.029278
1.03298
1.034981
1.03626
1.03628
1.038278
1.039279
1.040279
1.042278
1.043278
1.045279
1.048262
1.049277
1.050278
1.052979
1.053279
1.054277
1.056981
1.056284
1.05998
1.060278
1.062259
1.06326
1.06426
1.06526
1.06726
1.06826
1.069261
1.070261
1.072261
1.074261
1.075259
1.07626
1.077259
1.07926
1.080259
1.08126
1.08226
1.083261
1.085262
1.087259
1.088261
1.090259
1.09126
1.092259
1.09326
1.094261
1.09526
1.09726
1.099262
1.101261
1.102259
1.103259
1.10426
1.105261
1.106259
1.108981
1.10998
1.110979
1.11398
1.11498
1.116979
1.11798
1.119979
1.119278
1.120277
1.122278
1.124281
1.126279
1.12728
1.129278
1.130278
1.131278
1.133278
1.134277
1.135276
1.137279
1.13828
1.14028
1.141278
1.14426
1.012557
1.014013
1.016943
1.018067
1.021166
1.021536
1.025467
1.026667
1.028836
1.030351
1.034353
1.036352
1.038331
1.041333
1.045176
1.068986
1.075971
1.077961
1.079961
1.082962
1.084961
1.087962
1.089116
1.092962
1.094116
1.095116
1.097116
1.099114
1.102118
1.104116
1.106116
1.108115
1.110116
1.112115
1.113117
1.115961
1.117116
1.118116
1.120114
1.121114
1.122114
1.123114
1.125115
1.127113
1.129114
1.130116
1.132114
1.133959
1.13496
1.135142
1.136135
1.137139
1.139136
1.141135
1.142136
1.144135
1.145134
1.146136
1.148134
1.149134
1.152962
1.153116
1.155115
1.156961
1.158114
1.159115
1.160114
1.162114
1.163114
1.165115
1.166136
1.167136
1.169135
1.171961
1.171134
1.173135
1.17596
1.175136
1.180137
1.182135
1.184961
1.185134
1.186136
1.18996
1.189137
1.191137
1.193136
1.194136
1.196136
1.19896
1.198136
1.201114
1.201134
1.203114
1.208961
1.207115
1.20896
1.195134
1.196133
1.197131
1.005231
0.997486
0.999592
1.001721
1.004095
1.006281
1.008742
1.010454
1.012098
1.014861
1.016771
1.019685
1.0224
1.024182
1.026842
1.028507
1.031262
1.032259
1.034936
1.036937
1.039331
1.04081
1.04181
1.04381
1.045331
1.046812
1.049332
1.05135
1.055325
1.057842
1.059842
1.061844
1.065365
1.066843
1.069968
1.070844
1.072844
1.082966
1.082848
1.084842
1.085848
1.088845
1.090842
1.091848
1.093849
1.09585
1.098843
1.098848
1.102364
1.103842
1.104842
1.105842
1.107842
1.108842
1.110364
1.111383
1.112882
1.114883
1.118606
1.121083
1.121567
1.123182
1.124241
1.126956
1.127429
1.129048
1.130658
1.132171
1.134295
1.134692
1.136171
1.137692
1.137177
1.139177
1.141178
1.143696
1.144177
1.146172
1.147177
1.148177
1.149177
1.152172
1.152177
1.155177
1.157177
1.159178
1.160178
1.161177
1.163177
1.165172
1.167171
1.169173
1.17117
1.17217
1.174171
1.17517
1.176171
1.177172
1.180295
1.180171
1.002386
1.004601
1.006809
1.009128
1.011495
1.014303
1.015933
1.018479
1.020957
1.02345
1.026383
1.012898
1.01462
1.017201
1.020546
1.022764
1.025509
1.027128
1.02862
1.030937
1.032956
1.034571
1.036203
1.038359
1.039439
1.040959
1.04196
1.043959
1.046962
1.04896
1.05196
1.05396
1.05596
1.057961
1.060961
1.062962
1.064961
1.066959
1.06896
1.070962
1.072961
1.074961
1.076958
1.077961
1.079959
1.07911
1.082108
1.084107
1.089106
1.091106
1.092106
1.094105
1.095106
1.097107
1.099105
1.100105
1.102105
1.103959
1.10496
1.106959
1.107961
1.108959
1.110959
1.11296
1.112109
1.114109
1.115108
1.116111
1.117109
1.119109
1.120109
1.12111
1.127106
1.128105
1.130106
1.131107
1.132105
1.134105
1.135105
1.136107
1.138107
1.140105
1.142105
1.143106
1.144105
1.146105
1.147105
1.148105
1.150105
1.152108
1.153106
1.154105
1.156105
1.157105
1.158106
1.159106
1.161105
1.162105
1.164106
1.165105
1.003822
0.991937
0.994133
0.996343
0.998545
1.000732
1.00291
1.004766
1.006227
1.008734
1.011592
1.012632
1.014877
1.017131
1.018451
1.020623
1.023141
1.025139
1.02713
1.029131
1.031132
1.031144
1.03413
1.035141
1.038133
1.039868
1.041131
1.043867
1.044867
1.046866
1.047131
1.04987
1.051867
1.053868
1.055869
1.057132
1.05814
1.059141
1.062142
1.064142
1.067132
1.068142
1.07014
1.072141
1.073141
1.079142
1.082134
1.08214
1.084142
1.085142
1.087141
1.089141
1.09114
1.09314
1.095142
1.096142
1.09714
1.099866
1.100141
1.101141
1.103141
1.10414
1.10613
1.10813
1.10913
1.11013
1.111131
1.112131
1.113867
1.116141
1.119868
1.120131
1.121129
1.12214
1.12314
1.124141
1.126131
1.127866
1.12913
1.131131
1.13213
1.133131
1.13413
1.136131
1.13713
1.138129
1.13913
1.140132
1.142132
1.143132
1.14513
1.14613
1.14713
1.149866
1.150131
1.15113
1.15313
1.15413
1.156142
1.160734
1.006513
0.99467
0.996869
0.999612
1.001787
1.003427
1.005586
1.007504
1.009571
1.017256
1.018915
1.019696
1.022785
1.025404
1.027596
1.02923
1.030898
1.033528
1.035051
1.037054
1.039056
1.042054
1.042051
1.045054
1.045051
1.047051
1.048051
1.055055
1.057054
1.058057
1.059052
1.060053
1.061053
1.063051
1.063056
1.065054
1.068055
1.067055
1.069054
1.072054
1.071054
1.072054
1.073054
1.075056
1.077054
1.078054
1.079054
1.080055
1.082054
1.083054
1.084054
1.086051
1.088051
1.089051
1.091052
1.092052
1.09405
1.095051
1.09605
1.097052
1.098052
1.09905
1.101051
1.102051
1.104054
1.107054
1.10705
1.108053
1.109051
1.111051
1.112051
1.11305
1.114052
1.115052
1.117051
1.120054
1.121053
1.122054
1.123054
1.125055
1.125051
1.127053
1.128055
1.129054
1.131055
1.132051
1.134057
1.135054
1.136051
1.138057
1.139054
1.138055
1.139057
1.143054
1.142055
1.14505
1.14605
1.148051
1.150054
1.149055
1.008134
1.011277
1.012981
1.024159
1.015535
1.017255
1.019777
1.021222
1.02428
1.025363
1.027541
1.029058
1.030058
1.032059
1.034059
1.03606
1.03806
1.039061
1.041059
1.043059
1.044058
1.045058
1.047059
1.04906
1.05106
1.052061
1.054058
1.05598
1.056059
1.058979
1.059979
1.060978
1.063978
1.064979
1.066978
1.067059
1.068978
1.070978
1.071979
1.072979
1.073978
1.07598
1.077978
1.078978
1.079978
1.081978
1.082058
1.083979
1.084979
1.086978
1.087978
1.089979
1.09098
1.092978
1.093059
1.093149
1.094148
1.095147
1.097149
1.099058
1.09915
1.10215
1.104149
1.105148
1.106148
1.107148
1.108148
1.110149
1.111148
1.112148
1.113151
1.115151
1.117148
1.118149
1.119149
1.120147
1.122148
1.123149
1.12415
1.125147
1.127152
1.128149
1.131815
1.133042
1.133744
1.134813
1.136808
1.137514
1.138576
1.139659
1.141858
1.14429
1.144379
1.146288
1.147291
1.148289
1.150289
1.151288
1.153291
1.158381
1.013387
1.002526
1.004725
1.006907
1.008538
1.013777
1.014602
1.016795
1.020472
1.02275
1.025988
1.026446
1.029608
1.031877
1.03355
1.035729
1.038942
1.041753
1.043778
1.046832
1.047095
1.049098
1.052097
1.054097
1.055097
1.057095
1.058095
1.060097
1.062096
1.064096
1.065097
1.067096
1.068097
1.070096
1.071097
1.072097
1.074096
1.076098
1.077096
1.078097
1.080096
1.081095
1.082096
1.083095
1.084999
1.086999
1.088
1.090099
1.093001
1.093999
1.095001
1.096001
1.096999
1.099
1.1
1.100999
1.103002
1.103999
1.106
1.106999
1.107999
1.108999
1.109095
1.110998
1.112999
1.113999
1.116001
1.117002
1.118
1.120001
1.120999
1.122107
1.123106
1.125825
1.126824
1.127824
1.129825
1.134825
1.135999
1.137825
1.138825
1.139826
1.141825
1.142825
1.144825
1.143096
1.146
1.145096
1.148095
1.149095
1.150096
1.151095
1.152095
1.154096
1.155098
1.157095
1.159824
1.159095
1.160097
1.163
1.00552
1.00969
1.011679
1.012678
1.013709
1.015678
1.016677
1.018718
1.019679
1.021713
1.02223
1.025051
1.028045
1.031044
1.032837
1.035195
1.039048
1.042155
1.044149
1.045152
1.047148
1.049149
1.051149
1.052828
1.056345
1.058344
1.060368
1.062458
1.064038
1.066037
1.068798
1.072037
1.073037
1.074457
1.076038
1.077037
1.079036
1.080036
1.082037
1.085025
1.082827
1.083827
1.084827
1.086827
1.087827
1.088827
1.089828
1.090828
1.095828
1.097827
1.098827
1.100827
1.101827
1.103797
1.103828
1.106797
1.107829
1.109798
1.111796
1.112796
1.112827
1.114827
1.116796
1.117796
1.118799
1.119827
1.122797
1.122827
1.124796
1.125798
1.125827
1.127826
1.128827
1.129827
1.130829
1.133798
1.135796
1.136797
1.138796
1.139798
1.140796
1.141796
1.143797
1.144796
1.144827
1.147797
1.148797
1.150796
1.150827
1.152797
1.152827
1.155796
1.157343
1.14283
1.14383
1.145831
1.147829
1.148829
1.14983
1.150829
1.012363
1.004798
1.007046
1.009233
1.011944
1.014241
1.015228
1.018741
1.019888
1.022763
1.025773
1.028119
1.031057
1.03323
1.035473
1.038199
1.040548
1.043248
1.046417
1.049562
1.050859
1.05386
1.056563
1.057858
1.060858
1.063377
1.068078
1.069376
1.073078
1.072202
1.075203
1.077513
1.08017
1.082314
1.083915
1.086032
1.087545
1.089027
1.092027
1.094544
1.096567
1.097546
1.099544
1.100026
1.101546
1.1031
1.105102
1.107101
1.108102
1.1091
1.111102
1.112651
1.113652
1.1141
1.115101
1.116102
1.118655
1.120122
1.122354
1.123653
1.124652
1.125652
1.127356
1.127545
1.129652
1.130652
1.132654
1.134652
1.135673
1.136717
1.137762
1.139849
1.14085
1.142354
1.143354
1.142479
1.144479
1.149356
1.147489
1.148478
1.150025
1.152545
1.153026
1.154545
1.155545
1.157027
1.159038
1.161026
1.162026
1.163027
1.164025
1.168355
1.167039
1.168546
1.170546
1.172547
1.174101
1.175101
1.177652
1.177026
1.012702
1.016536
1.022138
1.020171
1.022323
1.02342
1.024074
1.02586
1.027496
1.030633
1.031698
1.033693
1.035693
1.037432
1.038762
1.040898
1.042675
1.044301
1.046481
1.048139
1.0503
1.05199
1.053617
1.055228
1.056853
1.059205
1.061561
1.063856
1.065371
1.067371
1.06837
1.07037
1.073371
1.075371
1.07637
1.079371
1.08037
1.082371
1.084405
1.086372
1.088368
1.090092
1.091369
1.09309
1.09409
1.09609
1.098089
1.100089
1.101092
1.103089
1.10409
1.106089
1.107089
1.108089
1.10909
1.111092
1.11209
1.114089
1.115088
1.116088
1.117089
1.118089
1.119369
1.119394
1.120394
1.121397
1.123394
1.124394
1.125393
1.127394
1.128393
1.129394
1.130395
1.131394
1.13437
1.134394
1.135393
1.137394
1.138395
1.139395
1.140393
1.142394
1.143393
1.144393
1.145393
1.146393
1.149369
1.15037
1.151396
1.152394
1.153394
1.154395
1.156394
1.157394
1.158395
1.145327
1.147327
1.148328
1.150328
1.152394
1.003186
0.995025
0.997186
0.998718
1.000816
1.002446
1.004092
1.005763
1.008651
1.009975
1.012241
1.014615
1.01577
1.017913
1.019527
1.021243
1.023336
1.02533
1.026789
1.028888
1.030332
1.030787
1.033134
1.034688
1.035588
1.036587
1.039075
1.040765
1.041751
1.043747
1.045263
1.045749
1.047748
1.050747
1.053748
1.05575
1.056749
1.059806
1.060748
1.062749
1.06475
1.065749
1.068749
1.071263
1.072263
1.074805
1.076263
1.078822
1.079805
1.081803
1.082261
1.083804
1.085856
1.087805
1.090363
1.091362
1.093363
1.094262
1.096362
1.097362
1.099363
1.100361
1.101362
1.102361
1.104362
1.104804
1.107362
1.108363
1.109361
1.110361
1.110747
1.112262
1.112746
1.114747
1.115747
1.117747
1.119261
1.119747
1.121747
1.122746
1.123748
1.124746
1.126747
1.127747
1.128746
1.130262
1.131746
1.134804
1.134746
1.136263
1.136748
1.138261
1.140804
1.142362
1.142803
1.143747
1.144746
1.145747
1.147746
1.148747
1.009056
1.011879
1.014181
1.015664
1.016376
1.018015
1.020566
1.021641
1.023437
1.025629
1.02734
1.028945
1.031112
1.032181
1.033784
1.035399
1.037343
1.038998
1.040626
1.042236
1.044396
1.046561
1.048137
1.04927
1.050896
1.052514
1.054264
1.055345
1.056937
1.058001
1.059599
1.060668
1.061726
1.063322
1.064915
1.066319
1.067913
1.068408
1.070913
1.072319
1.073318
1.074409
1.075913
1.07732
1.078915
1.080914
1.082916
1.084915
1.086916
1.088914
1.089915
1.092915
1.09332
1.095915
1.097914
1.099915
1.101973
1.103562
1.109159
1.1054
1.1064
1.108401
1.109401
1.111404
1.1124
1.114401
1.115401
1.117403
1.120317
1.1214
1.1224
1.123401
1.124401
1.126401
1.1274
1.128401
1.130402
1.1314
1.1324
1.1344
1.1354
1.1364
1.137401
1.138401
1.1394
1.1414
1.1424
1.144319
1.1454
1.146401
1.147401
1.148401
1.151317
1.1514
1.1524
1.139397
1.140399
1.141399
1.1434
1.144397
1.007559
0.994853
0.996945
0.998552
1.000203
1.002968
1.004599
1.006338
1.007422
1.009729
1.012513
1.014865
1.017067
1.017551
1.020946
1.022632
1.025388
1.027601
1.029241
1.030838
1.032604
1.033548
1.034158
1.037613
1.038747
1.039045
1.042775
1.042039
1.043038
1.045039
1.046039
1.050038
1.056097
1.058039
1.06004
1.061038
1.063038
1.065041
1.066557
1.068556
1.069557
1.071098
1.071556
1.074096
1.075096
1.076097
1.078096
1.079097
1.080098
1.081096
1.083096
1.084161
1.085775
1.086775
1.088776
1.089776
1.090039
1.091039
1.093096
1.09304
1.094038
1.096039
1.097039
1.09804
1.099038
1.10104
1.10204
1.103039
1.10404
1.106039
1.107039
1.108039
1.109039
1.110039
1.112039
1.113039
1.11404
1.116039
1.11704
1.11804
1.119039
1.120039
1.122556
1.123039
1.124038
1.125589
1.126558
1.128558
1.130556
1.131556
1.132557
1.133557
1.134556
1.136556
1.137556
1.138557
1.139557
1.141559
1.142556
1.143557
1.007615
1.001788
1.003948
1.00558
1.007743
1.009917
1.012083
1.01394
1.014439
1.016638
1.02345
1.025481
1.030975
1.032565
1.035698
1.037532
1.03936
1.043084
1.043317
1.044318
1.046316
1.048317
1.050316
1.05318
1.055079
1.057081
1.059079
1.06008
1.06118
1.063183
1.066081
1.067182
1.068181
1.070179
1.07118
1.073181
1.07518
1.077315
1.080315
1.082315
1.088316
1.090316
1.091316
1.092318
1.093315
1.095316
1.096316
1.097315
1.100183
1.10118
1.10318
1.103316
1.105179
1.106181
1.10818
1.10918
1.109316
1.111181
1.11318
1.114182
1.115324
1.11718
1.118179
1.120079
1.120323
1.121326
1.123324
1.125078
1.126079
1.128081
1.129079
1.131079
1.13208
1.13308
1.135079
1.135179
1.136181
1.136317
1.139078
1.139318
1.140317
1.142316
1.144179
1.144316
1.145317
1.146316
1.148316
1.149316
1.151179
1.151317
1.153317
1.154315
1.155316
1.15818
1.158315
1.159317
1.16118
1.161315
1.163317
1.16518
1.00649
1.000186
1.002917
1.005109
1.007286
1.008919
1.011026
1.012165
1.015545
1.017817
1.020577
1.023598
1.025141
1.027961
1.029593
1.032963
1.036126
1.037505
1.0407
1.04295
1.045105
1.04727
1.049415
1.051482
1.05348
1.054509
1.056506
1.059481
1.061505
1.072483
1.074483
1.075507
1.077506
1.080482
1.083481
1.085481
1.086506
1.089482
1.092026
1.093481
1.09548
1.096517
1.099139
1.10006
1.100505
1.102508
1.107027
1.106504
1.109507
1.113025
1.113505
1.114504
1.115503
1.119026
1.120025
1.122025
1.123027
1.125025
1.126024
1.127026
1.129024
1.130024
1.131482
1.134025
1.135025
1.137024
1.138027
1.137505
1.138505
1.140505
1.142505
1.143507
1.144506
1.147505
1.149505
1.150505
1.151504
1.153505
1.154504
1.15648
1.158482
1.158505
1.160505
1.161505
1.165765
1.164504
1.165504
1.166504
1.168504
1.170481
1.171505
1.174479
1.174506
1.175508
1.177505
1.178505
1.179506
1.181505
1.183506
1.186482
1.012995
1.016118
1.01853
1.018571
1.020191
1.022423
1.024036
1.026376
1.028917
1.030551
1.03181
1.034331
1.036123
1.037372
1.038373
1.040376
1.041373
1.043373
1.045922
1.048089
1.049725
1.051364
1.052982
1.054673
1.056332
1.05875
1.060915
1.062003
1.063633
1.064704
1.066446
1.067506
1.068582
1.069637
1.071639
1.072638
1.074635
1.075638
1.077635
1.078635
1.079636
1.080635
1.083372
1.083637
1.085635
1.086728
1.089372
1.090371
1.091373
1.092371
1.094374
1.095372
1.096371
1.097374
1.099373
1.101372
1.102372
1.101726
1.104372
1.105371
1.11037
1.106727
1.108727
1.109728
1.111726
1.112727
1.113726
1.115727
1.116727
1.117728
1.118728
1.119726
1.121727
1.122727
1.124727
1.125728
1.126727
1.128727
1.129727
1.130726
1.131728
1.132728
1.134728
1.135727
1.137727
1.138726
1.140727
1.141727
1.142726
1.143728
1.145728
1.146727
1.147727
1.148728
1.150728
1.152729
1.139728
1.140729
1.141728
1.143728
1.007575
0.996716
0.999346
1.001455
1.005393
1.008897
1.01371
1.017212
1.025746
1.03558
1.03854
1.039995
1.043535
1.044533
1.047533
1.049545
1.052083
1.054084
1.056083
1.058083
1.060083
1.062083
1.065083
1.067082
1.069083
1.071663
1.073659
1.075657
1.076657
1.081659
1.083658
1.085657
1.085993
1.086993
1.087992
1.089994
1.090932
1.091937
1.094451
1.095454
1.097451
1.098451
1.099994
1.100994
1.102995
1.105533
1.106533
1.108536
1.109534
1.111533
1.112532
1.113533
1.115533
1.118536
1.120534
1.123083
1.124083
1.125082
1.127082
1.128082
1.129084
1.131084
1.133082
1.134148
1.136148
1.137148
1.138658
1.140657
1.141657
1.142658
1.144658
1.146657
1.147657
1.148657
1.150657
1.149993
1.151993
1.152992
1.153993
1.156002
1.157932
1.158932
1.160932
1.161933
1.163451
1.165451
1.166451
1.167452
1.169453
1.171452
1.173453
1.174454
1.176451
1.177453
1.179452
1.180452
1.182452
1.184451
1.186451
1.188996
1.005061
0.997661
0.999265
1.002219
1.004971
1.007087
1.008969
1.011376
1.013143
1.015642
1.017975
1.01942
1.024521
1.025758
1.028333
1.029554
1.031081
1.03679
1.038782
1.041783
1.043781
1.048781
1.051153
1.057047
1.058101
1.061008
1.063967
1.064778
1.068247
1.068292
1.070293
1.07425
1.075248
1.077254
1.078294
1.080291
1.084191
1.086193
1.087248
1.090191
1.091248
1.093246
1.094246
1.095247
1.098191
1.099191
1.101193
1.102193
1.104191
1.105194
1.104294
1.105294
1.10729
1.108291
1.10929
1.111293
1.114292
1.116292
1.118293
1.120248
1.120291
1.12129
1.123291
1.124292
1.129192
1.128292
1.132193
1.131291
1.132291
1.133291
1.137191
1.137245
1.138247
1.139293
1.142246
1.143247
1.145246
1.146302
1.149191
1.149246
1.150245
1.152192
1.155249
1.156291
1.157293
1.159292
1.161291
1.163247
1.16329
1.165292
1.168249
1.168293
1.170291
1.173247
1.174246
1.175245
1.176246
1.177246
1.179293
1.180291
1.007873
0.998054
1.000787
1.002436
1.004605
1.00676
1.008411
1.011216
1.011749
1.01408
1.016438
1.018719
1.022312
1.024244
1.026822
1.029023
1.031239
1.033553
1.035713
1.037434
1.039814
1.041549
1.043745
1.045368
1.046167
1.048027
1.04922
1.052026
1.052791
1.056883
1.059882
1.061885
1.063886
1.066789
1.067881
1.070788
1.072789
1.075306
1.076401
1.077401
1.080307
1.082307
1.083307
1.086112
1.086307
1.088306
1.089306
1.092113
1.094114
1.095305
1.096399
1.098308
1.100305
1.101308
1.102306
1.103399
1.105305
1.106307
1.107306
1.108305
1.110306
1.111399
1.113305
1.113401
1.115305
1.117305
1.117398
1.118399
1.1194
1.121305
1.124114
1.124409
1.125399
1.127306
1.129113
1.1274
1.131112
1.131399
1.132399
1.1334
1.134399
1.136399
1.137401
1.140306
1.141399
1.1424
1.1444
1.146398
1.149306
1.150399
1.151401
1.1534
1.1554
1.157398
1.1584
1.1614
1.163399
1.1654
1.167307
1.168401
1.01751
1.006301
1.009061
1.010719
1.012976
1.015187
1.017583
1.019716
1.02232
1.024473
1.027441
1.028341
1.030481
1.032752
1.036259
1.038411
1.038762
1.043289
1.044112
1.048288
1.051287
1.057293
1.058959
1.062186
1.063879
1.067301
1.069475
1.071103
1.073772
1.075438
1.076517
1.077587
1.079579
1.08258
1.084578
1.085299
1.087579
1.088297
1.090578
1.091579
1.0923
1.093298
1.095297
1.097298
1.098299
1.100299
1.102299
1.104299
1.106299
1.1083
1.111299
1.1123
1.115301
1.117299
1.1193
1.121298
1.124298
1.126301
1.128299
1.129298
1.131297
1.133299
1.133393
1.135395
1.137395
1.140393
1.142394
1.143393
1.145395
1.147395
1.148394
1.150393
1.151396
1.153392
1.154392
1.155392
1.157393
1.160394
1.161393
1.162393
1.164394
1.165394
1.167392
1.168392
1.169393
1.170394
1.172394
1.174393
1.175392
1.177394
1.178394
1.180392
1.181392
1.182393
1.183392
1.185395
1.187394
1.188393
1.190395
1.191393
1.001851
0.997035
0.998683
1.000909
1.005599
1.008354
1.010745
1.010587
1.014359
1.017244
1.017939
1.021107
1.022721
1.022705
1.025419
1.028508
1.030681
1.032286
1.033893
1.034579
1.036581
1.038176
1.039698
1.042698
1.043699
1.045697
1.047689
1.047302
1.04929
1.050289
1.052289
1.054288
1.056292
1.058218
1.058288
1.061217
1.062237
1.062287
1.063287
1.06621
1.06629
1.070212
1.069287
1.070288
1.072287
1.073287
1.074289
1.075289
1.076289
1.077287
1.080216
1.081287
1.083217
1.084217
1.085216
1.087218
1.088216
1.089218
1.090217
1.091216
1.093218
1.095221
1.097217
1.098217
1.098287
1.100217
1.100287
1.103217
1.104299
1.10621
1.107299
1.109211
1.109288
1.11221
1.113211
1.112288
1.115209
1.116209
1.11529
1.116291
1.11729
1.119293
1.121288
1.123288
1.124287
1.125289
1.126288
1.127289
1.129288
1.130288
1.131287
1.136676
1.137671
1.139669
1.140668
1.141669
1.144599
1.131244
1.132245
1.134246
1.014635
1.017141
1.018545
1.021218
1.024547
1.027409
1.031076
1.034073
1.036074
1.038076
1.041073
1.044074
1.047073
1.047076
1.054072
1.055073
1.056075
1.058074
1.060075
1.062074
1.064075
1.066074
1.068076
1.070074
1.072075
1.075075
1.077075
1.079075
1.081074
1.083074
1.084075
1.086073
1.087074
1.089074
1.090076
1.092075
1.094074
1.095074
1.097074
1.098074
1.100073
1.101073
1.103075
1.105075
1.106076
1.108075
1.110074
1.111074
1.112073
1.114074
1.115074
1.117076
1.119076
1.121073
1.123073
1.125074
1.127071
1.128072
1.129071
1.131072
1.133074
1.134072
1.136073
1.138073
1.139073
1.141071
1.141071
1.143071
1.145073
1.147074
1.148072
1.149075
1.151072
1.153072
1.154073
1.155072
1.156072
1.157071
1.164073
1.166071
1.167073
1.169071
1.173072
1.171073
1.172072
1.174072
1.175071
1.177073
1.178072
1.179073
1.180071
1.182071
1.183074
1.185073
1.186074
1.187076
1.175075
1.177073
1.178073
1.179073
1.015214
1.011189
1.013578
1.015781
1.01826
1.018169
1.020114
1.021846
1.02346
1.025078
1.026712
1.027787
1.029775
1.031774
1.032774
1.034774
1.035774
1.037776
1.039776
1.041776
1.042776
1.044776
1.046631
1.047775
1.048775
1.050776
1.052777
1.054774
1.055805
1.056909
1.05963
1.061631
1.06363
1.065632
1.066911
1.069631
1.071631
1.072631
1.07463
1.072905
1.075905
1.077906
1.079906
1.080905
1.082903
1.085775
1.084905
1.086904
1.087905
1.089905
1.091904
1.092904
1.096774
1.095905
1.097906
1.099904
1.100904
1.101905
1.103906
1.107629
1.106904
1.106905
1.109774
1.109904
1.110904
1.113774
1.113904
1.114904
1.115906
1.118435
1.124291
1.12542
1.129421
1.131422
1.13242
1.13342
1.13542
1.136421
1.137422
1.138424
1.140292
1.14142
1.14242
1.143421
1.145421
1.14642
1.148421
1.15029
1.150421
1.151422
1.15242
1.15442
1.15542
1.156422
1.158421
1.159421
1.16142
1.16242
1.16342
1.16529
1.008508
1.01105
1.012383
1.014315
1.017412
1.019627
1.021454
1.023635
1.026162
1.028374
1.030531
1.032687
1.034312
1.03592
1.038366
1.040149
1.04237
1.044513
1.047763
1.048802
1.051006
1.053392
1.054999
1.057449
1.059854
1.062055
1.063049
1.066814
1.06971
1.070123
1.072205
1.073204
1.075709
1.076711
1.07871
1.08071
1.08171
1.08371
1.08471
1.086711
1.08871
1.08971
1.091711
1.094314
1.092193
1.094193
1.096192
1.098192
1.099191
1.100192
1.102193
1.104193
1.105192
1.107194
1.11019
1.11119
1.113189
1.114188
1.115189
1.116193
1.11919
1.12019
1.12219
1.12319
1.12419
1.125189
1.127189
1.128189
1.130191
1.13219
1.133191
1.135192
1.13619
1.138189
1.13919
1.141191
1.143192
1.145192
1.147191
1.149191
1.151191
1.153193
1.157125
1.158191
1.160193
1.162191
1.16419
1.166193
1.168189
1.170123
1.17119
1.17219
1.176125
1.163193
1.164192
1.166191
1.167192
1.169193
1.171195
1.172194
1.006428
1.000586
1.002745
1.004904
1.006511
1.008125
1.010295
1.012415
1.012662
1.014971
1.019128
1.020897
1.020559
1.023558
1.025868
1.028758
1.030455
1.032089
1.034758
1.035838
1.038537
1.03961
1.04126
1.043132
1.045682
1.045736
1.048811
1.050964
1.052593
1.054229
1.054947
1.056562
1.057226
1.059076
1.060076
1.061076
1.062079
1.064076
1.065076
1.067604
1.068604
1.069604
1.071604
1.072604
1.073605
1.074604
1.076608
1.078605
1.079604
1.080604
1.082604
1.082015
1.083015
1.084016
1.086604
1.087605
1.088016
1.090549
1.09155
1.094605
1.095604
1.095549
1.097672
1.097547
1.100671
1.100548
1.102673
1.103549
1.107528
1.106548
1.10755
1.11053
1.112528
1.112077
1.114527
1.113017
1.115017
1.117078
1.118017
1.119016
1.120015
1.121019
1.123077
1.124017
1.125015
1.126015
1.127017
1.12955
1.130549
1.131548
1.134076
1.135076
1.122512
1.137793
1.124509
1.139551
1.14055
1.143528
1.130511
1.131512
1.011272
0.998
0.999706
1.001875
1.004062
1.006263
1.008473
1.010045
1.013041
1.020295
1.022758
1.025633
1.027273
1.030525
1.032691
1.034847
1.03647
1.038992
1.04099
1.04346
1.04499
1.04646
1.048461
1.051461
1.052459
1.055992
1.057991
1.059991
1.06299
1.065989
1.068993
1.07199
1.073832
1.075833
1.077832
1.078832
1.080831
1.081831
1.082834
1.084832
1.085832
1.08646
1.088463
1.089471
1.090471
1.091471
1.094459
1.095462
1.097463
1.098462
1.10046
1.102459
1.103459
1.10446
1.10599
1.107481
1.110991
1.112991
1.113992
1.11546
1.116992
1.118459
1.119461
1.122834
1.123461
1.125834
1.12546
1.126471
1.128471
1.130989
1.13199
1.132991
1.13247
1.136834
1.136472
1.139831
1.140989
1.142832
1.144023
1.143472
1.144472
1.147831
1.147476
1.151472
1.153471
1.157832
1.156473
1.159833
1.16099
1.160472
1.162474
1.164461
1.166459
1.167473
1.169459
1.17046
1.171461
1.172459
1.174459
1.174474
1.006711
0.997543
0.999688
1.001335
1.003504
1.005662
1.007286
1.009541
1.012418
1.014709
1.015677
1.017948
1.020143
1.030076
1.032772
1.036983
1.040644
1.040731
1.042718
1.044719
1.048993
1.048716
1.05169
1.053688
1.056992
1.05769
1.05869
1.060688
1.065688
1.06769
1.068688
1.070993
1.072234
1.073235
1.076236
1.078235
1.080236
1.082234
1.083235
1.085237
1.086236
1.088235
1.090356
1.090688
1.092689
1.092716
1.094726
1.094716
1.097688
1.098688
1.099687
1.100688
1.103691
1.105688
1.106688
1.107688
1.108687
1.111992
1.111687
1.112689
1.113688
1.115689
1.117688
1.118687
1.120688
1.122234
1.123236
1.124235
1.125234
1.127235
1.128991
1.130235
1.131235
1.133234
1.134355
1.134688
1.134716
1.138992
1.137716
1.140993
1.141993
1.141718
1.143716
1.144717
1.145715
1.147716
1.148716
1.150689
1.150717
1.151716
1.153717
1.155727
1.157688
1.158687
1.160688
1.161688
1.16269
1.164688
1.166235
1.167244
1.015733
1.013138
1.016175
1.018376
1.019717
1.036206
1.039199
1.042199
1.045199
1.0482
1.050719
1.052199
1.054199
1.056718
1.058198
1.060718
1.063719
1.06572
1.067718
1.069717
1.07172
1.073719
1.075719
1.077718
1.078719
1.080717
1.081719
1.082718
1.084719
1.087785
1.088719
1.090718
1.092578
1.092717
1.094578
1.096577
1.096784
1.099579
1.101577
1.102577
1.104579
1.106579
1.108578
1.1092
1.111579
1.11458
1.116579
1.117579
1.11958
1.121579
1.123578
1.125579
1.130198
1.132578
1.134577
1.135577
1.136578
1.138578
1.140581
1.141198
1.142206
1.143208
1.144207
1.146206
1.147207
1.148207
1.151201
1.152207
1.154199
1.155198
1.156197
1.158198
1.159197
1.160198
1.161198
1.162198
1.166198
1.1682
1.169197
1.170198
1.171198
1.173198
1.174197
1.175197
1.176198
1.1782
1.179199
1.181198
1.182197
1.183199
1.184197
1.186198
1.187197
1.188197
1.189198
1.1912
1.193199
1.194197
1.195198
1.183207
1.004888
0.994053
0.996206
0.998962
1.001145
1.003875
1.005675
1.007202
1.00848
1.010748
1.013661
1.016923
1.01939
1.020968
1.023831
1.025522
1.027769
1.029169
1.030783
1.031834
1.033348
1.03435
1.036352
1.038352
1.04035
1.042351
1.044349
1.045351
1.047348
1.048348
1.04839
1.052089
1.052394
1.056089
1.055391
1.05639
1.058351
1.05939
1.06135
1.061389
1.06239
1.065399
1.068088
1.067389
1.069398
1.069391
1.072349
1.072391
1.07339
1.074391
1.07635
1.080352
1.08139
1.083391
1.084391
1.085389
1.088349
1.089351
1.08939
1.092349
1.094349
1.095351
1.096349
1.096392
1.097392
1.10035
1.101349
1.10139
1.102391
1.105352
1.107089
1.10739
1.10839
1.109392
1.11139
1.112391
1.11339
1.114392
1.11709
1.117391
1.119391
1.120393
1.122392
1.123392
1.125397
1.129089
1.130351
1.133092
1.135351
1.13735
1.14009
1.141349
1.14235
1.143391
1.145394
1.148352
1.150349
1.151349
1.15335
1.155089
1.003081
1.005847
1.007508
1.009125
1.011307
1.013041
1.015323
1.01868
1.020998
1.022131
1.025708
1.028016
1.030554
1.032796
1.034976
1.036643
1.038248
1.039882
1.042055
1.044214
1.045842
1.048209
1.050525
1.052152
1.053782
1.055442
1.058142
1.059248
1.061384
1.063133
1.064748
1.065827
1.067432
1.068432
1.070424
1.072424
1.073423
1.073334
1.075332
1.076331
1.07733
1.079331
1.080333
1.082332
1.084331
1.085332
1.087331
1.087809
1.088809
1.089808
1.090816
1.092817
1.093818
1.095817
1.096816
1.097818
1.100813
1.100817
1.101815
1.104812
1.091189
1.10981
1.111811
1.11281
1.113811
1.115811
1.102817
1.116817
1.118809
1.120811
1.12281
1.124808
1.125809
1.12681
1.127809
1.128808
1.12981
1.13181
1.132812
1.134811
1.136809
1.137809
1.138809
1.14081
1.141809
1.128191
1.143809
1.144808
1.145817
1.134191
1.148818
1.151438
1.152438
1.153436
1.154439
1.156436
1.157438
1.158438
1.159436
1.161438
1.003814
1.007223
1.014979
1.009053
1.010657
1.01321
1.014836
1.016596
1.018227
1.020744
1.023015
1.02519
1.026818
1.028969
1.030653
1.032973
1.03514
1.036778
1.037815
1.040047
1.041719
1.044068
1.045693
1.047716
1.049888
1.052021
1.053687
1.054751
1.056362
1.057429
1.058511
1.060118
1.063561
1.065187
1.065713
1.067348
1.067721
1.069126
1.070126
1.07019
1.072189
1.073191
1.075191
1.076191
1.077191
1.07819
1.079189
1.080189
1.082191
1.084126
1.084191
1.085191
1.088127
1.08919
1.091125
1.092125
1.093124
1.094126
1.095191
1.097125
1.09719
1.100126
1.102126
1.10219
1.104124
1.106126
1.107126
1.108125
1.109125
1.110125
1.112126
1.113126
1.115126
1.116126
1.117125
1.118126
1.120127
1.121126
1.120671
1.12167
1.122671
1.110964
1.12667
1.127672
1.128671
1.115962
1.116964
1.120422
1.133671
1.134672
1.13567
1.137672
1.139676
1.141671
1.14267
1.143672
1.14567
1.146671
1.147671
1.148672
1.008695
1.001851
1.003492
1.005123
1.00675
1.008485
1.010604
1.012766
1.014654
1.015248
1.017056
1.019817
1.021466
1.024156
1.026874
1.028629
1.031039
1.031305
1.03185
1.033455
1.034526
1.036504
1.038507
1.038973
1.040975
1.043503
1.044506
1.045506
1.047504
1.048504
1.051044
1.052042
1.054042
1.058832
1.061043
1.062974
1.064444
1.068831
1.067443
1.067922
1.069442
1.071442
1.072443
1.073973
1.075973
1.076973
1.078533
1.078442
1.080443
1.083042
1.083504
1.084503
1.084441
1.087042
1.088504
1.090831
1.091654
1.092107
1.094108
1.095108
1.097434
1.097654
1.098646
1.100646
1.101646
1.102646
1.104647
1.104071
1.106647
1.109435
1.108047
1.111434
1.112434
1.113435
1.115435
1.114048
1.116106
1.119435
1.117527
1.119046
1.119527
1.122048
1.123577
1.124047
1.125046
1.126579
1.128577
1.130108
1.131048
1.132048
1.133047
1.135645
1.135048
1.137199
1.138196
1.140197
1.141668
1.143668
1.145666
1.148727
1.017242
1.012292
1.014722
1.016416
1.017832
1.018534
1.020693
1.022291
1.024318
1.024944
1.027931
1.029927
1.031925
1.032925
1.036925
1.039924
1.041924
1.045925
1.047924
1.048925
1.049925
1.051924
1.052923
1.054925
1.055925
1.057924
1.058925
1.060926
1.061924
1.063925
1.064926
1.066925
1.067924
1.069924
1.071646
1.071924
1.074645
1.075647
1.076648
1.076924
1.078645
1.079646
1.081646
1.082647
1.084646
1.085647
1.086646
1.087646
1.089647
1.090647
1.091647
1.092647
1.092923
1.093923
1.095013
1.09601
1.098012
1.099011
1.100012
1.101011
1.10301
1.104011
1.105013
1.106011
1.108924
1.109013
1.110012
1.111013
1.112011
1.114012
1.115012
1.116012
1.117011
1.11801
1.119012
1.121924
1.122012
1.124012
1.125012
1.127012
1.128012
1.129011
1.131011
1.132926
1.133011
1.135011
1.136011
1.137012
1.137014
1.140925
1.141012
1.142012
1.14301
1.144013
1.14501
1.147924
1.148012
1.149011
1.151924
1.153011
1.003191
1.000246
1.002378
1.003991
1.00614
1.007754
1.009914
1.011519
1.014472
1.015377
1.017629
1.019287
1.021511
1.022214
1.02446
1.027907
1.030115
1.031756
1.032844
1.034451
1.037365
1.037706
1.038335
1.039947
1.04264
1.04416
1.045163
1.047161
1.048161
1.049162
1.051162
1.052162
1.054161
1.055161
1.056697
1.058696
1.059161
1.060161
1.062161
1.063697
1.06416
1.066697
1.067696
1.068696
1.069696
1.070698
1.072867
1.074467
1.075466
1.076466
1.077466
1.078189
1.07916
1.080696
1.080184
1.083696
1.08416
1.085696
1.086159
1.088696
1.089697
1.090695
1.092697
1.093162
1.094697
1.095697
1.097696
1.09816
1.099869
1.101466
1.102466
1.103465
1.105466
1.106466
1.107159
1.107183
1.109161
1.109182
1.110182
1.111183
1.113182
1.11516
1.115182
1.116184
1.118183
1.120162
1.121161
1.122161
1.124161
1.125162
1.12616
1.12716
1.128162
1.116183
1.117181
1.119182
1.121183
1.122182
1.124184
1.126183
1.008397
1.011103
1.014115
1.015021
1.016707
1.017346
1.019971
1.02172
1.023351
1.024982
1.026635
1.027701
1.030263
1.031223
1.033356
1.035037
1.037299
1.03896
1.041117
1.042755
1.044411
1.046021
1.047661
1.049278
1.050896
1.052475
1.053728
1.054774
1.05677
1.057889
1.059539
1.059771
1.06177
1.062771
1.06377
1.065539
1.066887
1.068538
1.069536
1.070537
1.071538
1.073537
1.074537
1.075538
1.077537
1.078539
1.079536
1.080535
1.081537
1.082246
1.084538
1.085537
1.086537
1.087537
1.089539
1.092535
1.089263
1.091262
1.092262
1.093262
1.094262
1.096247
1.096261
1.099249
1.101771
1.102249
1.103247
1.104248
1.106247
1.107248
1.108249
1.109247
1.110249
1.111248
1.113247
1.114248
1.116248
1.117248
1.118248
1.120248
1.121249
1.122247
1.123248
1.125248
1.126249
1.128249
1.130248
1.132248
1.134248
1.136249
1.137248
1.139249
1.141249
1.143248
1.145248
1.133573
1.13595
1.137583
1.13922
1.140844
1.010286
1.012998
1.014094
1.016271
1.017353
1.019514
1.021795
1.02397
1.026342
1.028586
1.0308
1.032946
1.035703
1.037396
1.039615
1.041236
1.042847
1.044443
1.046462
1.047989
1.034032
1.036034
1.038034
1.039033
1.041033
1.042032
1.044032
1.045032
1.046031
1.048031
1.049032
1.05103
1.050323
1.052281
1.054033
1.056031
1.056282
1.057281
1.059283
1.061285
1.062284
1.065032
1.065281
1.067284
1.068284
1.070033
1.071032
1.073031
1.073281
1.074323
1.076282
1.076321
1.079281
1.080282
1.081282
1.081323
1.083282
1.083322
1.085323
1.087325
1.088323
1.090282
1.090322
1.092323
1.093323
1.094323
1.095322
1.096323
1.098322
1.099324
1.102281
1.103281
1.104281
1.105282
1.107282
1.108282
1.109281
1.109322
1.112282
1.113281
1.115283
1.116282
1.117282
1.119281
1.120281
1.121281
1.122282
1.123281
1.124281
1.126283
1.127282
1.12928
1.130282
1.131282
1.13303
1.132323
1.134323
1.135323
1.137282
1.139032
1.004567
0.995835
0.998321
1.000062
1.00229
1.004524
1.00752
1.008512
1.011272
1.012508
1.014399
1.017288
1.019578
1.022105
1.025136
1.026901
1.029367
1.032214
1.035046
1.036834
1.039022
1.040644
1.042271
1.043949
1.046106
1.047726
1.049348
1.050338
1.05234
1.053339
1.055341
1.056455
1.058341
1.060456
1.060448
1.06427
1.063448
1.064449
1.065448
1.066448
1.067448
1.069449
1.071448
1.073448
1.074449
1.075448
1.076447
1.078339
1.080339
1.081339
1.082427
1.084668
1.093959
1.095579
1.097101
1.0991
1.101101
1.102101
1.103102
1.105101
1.106101
1.1071
1.109032
1.110034
1.112034
1.114033
1.114216
1.1151
1.117034
1.119033
1.120033
1.121033
1.122032
1.12121
1.123211
1.12521
1.12621
1.12721
1.12921
1.13021
1.131211
1.132209
1.133209
1.134209
1.136211
1.13821
1.139211
1.140211
1.141209
1.14221
1.14421
1.145211
1.14621
1.14721
1.148209
1.151101
1.151209
1.155033
1.156032
1.156209
1.004721
0.995242
0.998084
1.000243
1.002428
1.004035
1.006886
1.008666
1.010919
1.013084
1.015439
1.017677
1.019875
1.022159
1.023793
1.025963
1.027589
1.028675
1.030203
1.035199
1.043062
1.045062
1.047196
1.049197
1.0493
1.052195
1.054195
1.055307
1.058063
1.058299
1.061061
1.063062
1.06506
1.066061
1.06706
1.069059
1.0683
1.070302
1.0723
1.0743
1.0753
1.077299
1.078299
1.079299
1.080298
1.082299
1.084301
1.085676
1.087437
1.089916
1.091518
1.092577
1.093646
1.095249
1.096864
1.098481
1.099474
1.101474
1.102475
1.103475
1.105474
1.106474
1.107474
1.108475
1.110474
1.112475
1.113585
1.115586
1.117339
1.118339
1.119339
1.12134
1.122339
1.123339
1.124475
1.127339
1.128341
1.128475
1.129578
1.131475
1.131578
1.132579
1.133578
1.135582
1.137579
1.138579
1.14058
1.141578
1.142579
1.144579
1.145579
1.146578
1.147578
1.149579
1.15158
1.152582
1.154582
1.15558
1.15834
1.159341
1.005384
0.995579
0.997294
0.999429
1.001599
1.00378
1.00595
1.007899
1.008585
1.010776
1.01328
1.015596
1.018847
1.021727
1.025107
1.027994
1.030882
1.032729
1.034864
1.037379
1.036782
1.040876
1.042875
1.044875
1.045918
1.049917
1.05192
1.056919
1.060875
1.063874
1.064918
1.067928
1.069875
1.072643
1.074643
1.074875
1.075918
1.076919
1.07892
1.078918
1.081918
1.083918
1.08492
1.08692
1.089874
1.089918
1.090918
1.092918
1.094875
1.095918
1.097918
1.098917
1.099918
1.101917
1.102918
1.104875
1.104918
1.107875
1.109875
1.110876
1.112875
1.113876
1.115876
1.116875
1.118644
1.120643
1.121642
1.123643
1.124644
1.126644
1.127645
1.129643
1.127918
1.128917
1.131874
1.131918
1.133919
1.134918
1.136917
1.138917
1.138917
1.140918
1.141918
1.142918
1.143917
1.145919
1.148919
1.149919
1.151918
1.152918
1.153918
1.154918
1.155919
1.157917
1.158919
1.161876
1.162917
1.162918
1.16492
1.166918
1.003123
1.005987
1.008438
1.022679
1.011899
1.015324
1.017197
1.019477
1.021688
1.026949
1.028568
1.03074
1.033047
1.035356
1.042205
1.046199
1.055997
1.058245
1.060833
1.064798
1.067175
1.070885
1.072051
1.075225
1.075854
1.087932
1.088931
1.09093
1.092931
1.09493
1.095931
1.096929
1.098931
1.09993
1.101931
1.102933
1.104932
1.105932
1.107932
1.108931
1.110935
1.111932
1.114931
1.124932
1.126932
1.129932
1.132931
1.133933
1.136932
1.138933
1.140933
1.143931
1.144931
1.146934
1.148932
1.150932
1.152932
1.154933
1.158932
1.160934
1.162931
1.163932
1.165933
1.167932
1.171932
1.173932
1.184933
1.192932
1.196933
1.199934
1.201934
1.204934
1.206931
1.209933
1.211931
1.212934
1.214932
1.215933
1.216933
1.218933
1.219932
1.221935
1.223933
1.224933
1.226933
1.227933
1.229933
1.230937
1.232932
1.234932
1.238934
1.240933
1.241932
1.243933
1.244933
1.246933
1.249934
1.251933
1.253932
1.257933
1.010149
1.001864
1.00462
1.006295
1.007903
1.009522
1.01169
1.01655
1.016458
1.020143
1.022324
1.023407
1.027129
1.029394
1.031579
1.033801
1.03596
1.038633
1.041246
1.043878
1.046608
1.048348
1.051498
1.05134
1.053524
1.055839
1.057476
1.060077
1.060736
1.062904
1.064882
1.06688
1.069858
1.070859
1.071858
1.073859
1.074859
1.075858
1.078862
1.08086
1.083144
1.085145
1.086145
1.087144
1.088144
1.090145
1.091145
1.093146
1.095145
1.096145
1.097143
1.098145
1.100145
1.101145
1.102144
1.104144
1.107145
1.109145
1.110146
1.112145
1.113145
1.115145
1.117149
1.121151
1.123144
1.125146
1.128146
1.130146
1.132145
1.135145
1.137146
1.139146
1.141145
1.143143
1.144145
1.146144
1.146859
1.148858
1.151859
1.153859
1.15486
1.157861
1.159859
1.161859
1.162859
1.164859
1.165859
1.166858
1.168858
1.169859
1.17286
1.175146
1.177144
1.179145
1.180144
1.181144
1.180859
1.18186
1.182858
1.18486
