3.038461
1.014142
1.013821
1.005426
1.014284
1.054738
1.013664
1.011705
1.009013
1.003644
1.010896
1.013476
1.015348
1.01258
1.013903
1.007712
1.01833
1.005909
1.010436
1.013582
1.012087
1.01298
1.008551
1.011138
1.013069
1.010657
1.015189
1.015402
1.019391
1.015019
1.01499
1.013516
1.015899
1.014205
1.01341
1.004615
1.014499
1.016558
1.010911
1.010853
1.006473
1.01606
1.005852
1.00929
1.008026
1.004877
1.035568
1.017623
1.017026
1.008795
1.008311
1.018266
1.014894
1.009091
1.006296
1.009017
1.013014
1.010923
1.00603
1.010159
1.006979
1.012854
1.00722
1.053582
1.007286
1.005984
1.008861
1.005378
1.007686
1.005949
1.00426
1.012266
1.017668
1.011424
1.007701
1.011026
1.007783
1.007513
1.012827
1.006516
1.005288
1.017079
1.010781
1.00861
1.006157
1.007531
1.015859
1.005776
1.003589
1.009941
1.013847
1.012076
1.008667
1.003945
1.005379
1.012965
1.013529
1.008316
1.013909
1.017926
1.005209
1.014679
1.004071
1.018677
1.007065
1.012507
1.015839
1.007244
1.012782
1.009054
1.00463
1.011387
1.007077
1.006687
1.013755
1.004564
1.01775
1.01141
1.003125
1.015321
1.005453
1.012508
1.006448
1.010932
1.006847
1.004342
1.013586
1.006296
1.013798
1.010955
1.014444
1.01063
1.008161
1.013898
1.013219
1.011612
1.012377
1.005487
1.015217
1.016264
1.014649
1.011288
1.022205
1.015758
1.005971
1.017996
1.009337
1.017076
1.010465
1.004483
1.010596
1.010149
1.005271
1.009747
1.017086
1.004394
1.009382
1.010938
1.007039
1.005283
1.016901
1.006936
1.016596
1.013316
1.006384
1.005892
1.011958
1.005602
1.01077
1.010038
1.011763
1.009492
1.009147
1.011218
1.009093
1.005548
1.004505
1.009331
1.003943
1.005345
1.014811
1.010283