1.003578
1.011188
1.012824
1.014458
1.017287
1.019524
1.021183
1.023442
1.025777
1.028904
1.030534
1.032849
1.034471
1.037089
1.039241
1.042394
1.044382
1.044523
1.047657
1.050283
1.051082
1.05442
1.057049
1.058674
1.061283
1.062348
1.062956
1.065022
1.066622
1.068693
1.052214
1.060214
1.055214
1.057214
1.060214
1.059213
1.059213
1.060213
1.067215
1.066213
1.067216
1.072212
1.073215
1.076213
1.078216
1.081213
1.073212
1.072214
1.085214
1.074215
1.074215
1.077215
1.079214
1.086214
1.083212
1.087214
1.093216
1.093217
1.096215
1.098216
1.101217
1.104214
1.106214
1.107213
1.105215
1.114216
1.114213
1.116213
1.119218
1.117213
1.124216
1.126214
1.128215
1.127213
1.130216
1.132217
1.125214
1.127213
1.128215
1.126214
1.127217
1.129215
1.130215
1.134214
1.135215
1.135214
1.136216
1.139214
1.151214
1.142213
1.143213
1.150216
1.155213
1.159214
1.160214
1.146215
1.147216
1.149215
1.150214
1.151214
1.0085
1.002229
1.004324
1.007017
1.008643
1.009762
1.011391
1.013543
1.016055
1.017008
1.019204
1.021903
1.024086
1.026335
1.029171
1.030781
1.033057
1.033496
1.03678
1.039015
1.038885
1.039811
1.041816
1.043348
1.045878
1.047876
1.050447
1.051348
1.053875
1.054876
1.05745
1.058447
1.060447
1.060876
1.062877
1.063878
1.065448
1.065347
1.067878
1.068878
1.069876
1.071876
1.072875
1.073942
1.076449
1.077448
1.078448
1.079454
1.081448
1.082448
1.083347
1.085448
1.086448
1.087447
1.088448
1.089496
1.090349
1.092578
1.094084
1.096084
1.097084
1.097448
1.099085
1.100448
1.102084
1.101348
1.104085
1.106085
1.105876
1.106348
1.110086
1.10881
1.112083
1.111349
1.11281
1.113811
1.11481
1.115809
1.11681
1.11881
1.119812
1.122809
1.124811
1.127348
1.12781
1.129811
1.13181
1.133812
1.13581
1.138876
1.14035
1.142348
1.14335
1.145348
1.147349
1.14835
1.149349
1.151349
1.152348
1.15381
1.013136
1.016928
1.016822
1.020174
1.022382
1.024012
1.02636
1.027974
1.0296
1.030669
1.032662
1.034662
1.036662
1.03954
1.04039
1.043442
1.044785
1.046487
1.050928
1.052941
1.055143
1.05733
1.059073
1.061443
1.063436
1.066437
1.067438
1.069438
1.071436
1.073435
1.075439
1.078439
1.08044
1.083438
1.085437
1.088439
1.090439
1.093437
1.094438
1.096437
1.097439
1.099437
1.103439
1.106688
1.108838
1.109906
1.111006
1.113104
1.115249
1.119253
1.119721
1.12224
1.124241
1.126249
1.12724
1.135241
1.13724
1.138239
1.140241
1.142342
1.14625
1.147248
1.145723
1.147721
1.148721
1.149723
1.151721
1.152725
1.155723
1.156721
1.158721
1.159721
1.161721
1.162723
1.163721
1.165721
1.166722
1.168722
1.170721
1.171721
1.173721
1.174721
1.176722
1.177721
1.17872
1.183722
1.185721
1.186721
1.188721
1.189722
1.190721
1.179177
1.181179
1.183179
1.185178
1.186177
1.187176
1.188646
1.190179
1.192177
1.004765
0.999875
1.001399
1.003653
1.006349
1.0085
1.010827
1.011541
1.014431
1.015853
1.018238
1.02045
1.024217
1.025364
1.031272
1.032426
1.034588
1.036734
1.038347
1.041162
1.04398
1.045586
1.04773
1.048251
1.05026
1.052434
1.05508
1.057496
1.059937
1.061546
1.06373
1.064155
1.06672
1.067722
1.069721
1.070622
1.072721
1.072623
1.075721
1.077284
1.07772
1.07872
1.080721
1.083721
1.085212
1.086721
1.088776
1.08972
1.090721
1.093284
1.093722
1.095722
1.098282
1.098721
1.101283
1.102283
1.10272
1.102084
1.104084
1.106775
1.107087
1.111283
1.110621
1.112622
1.115283
1.114622
1.117283
1.117623
1.120285
1.119621
1.121541
1.123541
1.124541
1.126622
1.129155
1.128541
1.129541
1.131623
1.132542
1.134544
1.135541
1.137082
1.139083
1.140622
1.141082
1.143158
1.143084
1.145084
1.149155
1.148541
1.151083
1.152083
1.153084
1.154083
1.156083
1.157083
1.145087
1.147088
1.147571
1.14857
1.00319
1.000314
1.002519
1.004657
1.006299
1.007936
1.00959
1.012009
1.013085
1.016445
1.018633
1.02032
1.021442
1.023577
1.02653
1.028463
1.030069
1.032794
1.034889
1.036518
1.039021
1.051807
1.054023
1.055642
1.057958
1.059042
1.061091
1.062091
1.063564
1.066653
1.068653
1.070703
1.071093
1.072035
1.07409
1.075035
1.077563
1.078564
1.08109
1.081563
1.083562
1.084564
1.085562
1.087563
1.088564
1.091092
1.092566
1.094563
1.095563
1.097563
1.098562
1.099564
1.101091
1.103669
1.107655
1.110652
1.111653
1.112654
1.113652
1.114654
1.116653
1.120654
1.123651
1.124653
1.126653
1.127653
1.128654
1.129654
1.131654
1.132654
1.134653
1.135785
1.134506
1.136506
1.138035
1.139035
1.140036
1.141034
1.143035
1.145035
1.147035
1.148036
1.149034
1.150037
1.152035
1.153035
1.154035
1.155034
1.157036
1.159035
1.160037
1.162034
1.163037
1.16509
1.166091
1.15343
1.15443
1.157433
1.159431
1.161428
1.006876
1.000265
1.002301
1.019229
1.020703
1.02345
1.02585
1.02814
1.031265
1.034364
1.03685
1.037243
1.038789
1.040777
1.042778
1.044777
1.046775
1.048778
1.050777
1.052777
1.053777
1.055776
1.059777
1.060859
1.062775
1.06386
1.065777
1.067367
1.069373
1.070777
1.073366
1.075367
1.076369
1.077365
1.079367
1.080365
1.081367
1.082366
1.086021
1.08702
1.089021
1.090021
1.088714
1.090714
1.091714
1.093242
1.094242
1.097244
1.099365
1.100243
1.10302
1.10402
1.106021
1.107021
1.10802
1.106714
1.110367
1.109714
1.111714
1.113242
1.113713
1.115714
1.117242
1.118242
1.119243
1.120256
1.122243
1.126022
1.126242
1.127242
1.128241
1.131019
1.130242
1.131242
1.13502
1.135365
1.137423
1.140366
1.141368
1.143365
1.144515
1.146023
1.147515
1.149022
1.150021
1.149714
1.15402
1.155021
1.153716
1.154716
1.156715
1.157716
1.158716
1.160241
1.161244
1.162717
1.166368
1.166246
1.168244
1.156128
1.014192
1.016462
1.018266
1.019884
1.021079
1.024594
1.026789
1.027681
1.02984
1.03083
1.032771
1.034771
1.035771
1.037771
1.039771
1.041771
1.042771
1.04477
1.04677
1.047772
1.04877
1.051771
1.053772
1.05577
1.056771
1.057771
1.059772
1.06171
1.06271
1.065712
1.066772
1.068711
1.06977
1.07171
1.072709
1.07371
1.074771
1.076709
1.078711
1.079771
1.080771
1.082712
1.083711
1.084771
1.086711
1.087709
1.090708
1.089776
1.091839
1.092773
1.093772
1.095838
1.097709
1.098711
1.099711
1.100709
1.102711
1.103712
1.105714
1.10771
1.108711
1.10971
1.110711
1.110831
1.111831
1.11283
1.11383
1.117833
1.11983
1.12083
1.121831
1.123831
1.124831
1.12583
1.126833
1.128832
1.130831
1.133773
1.133831
1.134832
1.13683
1.13783
1.138831
1.139829
1.14083
1.14383
1.145832
1.146832
1.14883
1.150772
1.150832
1.151831
1.152831
1.15577
1.157831
1.159831
1.160831
1.16183
1.162832
1.165772
1.011902
0.998086
0.999716
1.001877
1.004082
1.006278
1.008466
1.011333
1.011101
1.014379
1.016169
1.020245
1.020555
1.021775
1.024472
1.027339
1.029645
1.031802
1.033394
1.036003
1.038546
1.040142
1.041152
1.043153
1.044284
1.046281
1.048245
1.050151
1.051245
1.050281
1.052281
1.055281
1.056281
1.060245
1.059281
1.06128
1.063281
1.06428
1.066243
1.068247
1.071153
1.07128
1.073244
1.074245
1.076244
1.076282
1.077279
1.07828
1.079279
1.08128
1.08328
1.084282
1.086281
1.087281
1.090151
1.090243
1.091244
1.093245
1.094245
1.096245
1.09728
1.099246
1.100245
1.102244
1.104152
1.105152
1.106151
1.106245
1.109152
1.109279
1.112152
1.112281
1.114244
1.114281
1.116279
1.119153
1.120152
1.120245
1.123153
1.123281
1.123281
1.127245
1.12628
1.129244
1.132279
1.14028
1.143243
1.144245
1.144279
1.14628
1.148282
1.150246
1.151282
1.153243
1.154281
1.155282
1.155281
1.159243
1.15828
1.160282
1.005598
0.994761
0.996975
0.999096
1.000766
1.002934
1.005081
1.006675
1.008615
1.009616
1.011805
1.014126
1.016287
1.018457
1.020179
1.021887
1.023499
1.025098
1.026726
1.028351
1.029972
1.032033
1.033033
1.035034
1.037035
1.038033
1.040033
1.041033
1.043036
1.045034
1.046035
1.048032
1.049034
1.050035
1.052033
1.053033
1.055033
1.056034
1.058034
1.059034
1.060033
1.061032
1.062034
1.064034
1.065036
1.067038
1.068033
1.069036
1.070829
1.072831
1.07383
1.074831
1.075831
1.07683
1.077835
1.079831
1.08183
1.082832
1.083831
1.085831
1.086831
1.087831
1.089832
1.090832
1.092832
1.093082
1.095081
1.097082
1.099082
1.101081
1.103081
1.104081
1.106082
1.108081
1.110081
1.112081
1.114087
1.116083
1.11808
1.119082
1.121082
1.12208
1.124081
1.125081
1.127081
1.128079
1.13008
1.132085
1.134081
1.135082
1.136079
1.137083
1.139079
1.14008
1.14108
1.142086
1.143081
1.14508
1.147081
1.14983
1.00641
1.009274
1.011458
1.012121
1.014315
1.016848
1.018473
1.020236
1.022361
1.023974
1.026271
1.027289
1.029495
1.030438
1.032193
1.034182
1.034949
1.038005
1.03965
1.041833
1.043452
1.04508
1.046674
1.048306
1.049379
1.051502
1.052514
1.054515
1.056513
1.057513
1.058515
1.059513
1.061513
1.062513
1.066514
1.062906
1.064845
1.064904
1.066906
1.068904
1.069906
1.071906
1.072906
1.073905
1.074904
1.075907
1.077905
1.078906
1.081845
1.081906
1.082905
1.083906
1.085904
1.086906
1.087906
1.088906
1.089906
1.091915
1.093845
1.095845
1.095905
1.096905
1.098844
1.100845
1.101845
1.101907
1.102905
1.104844
1.106846
1.107847
1.108844
1.110846
1.111845
1.112846
1.113845
1.114844
1.115844
1.117846
1.119847
1.121846
1.123846
1.125846
1.126846
1.128846
1.130847
1.131844
1.133845
1.135846
1.137847
1.139845
1.141846
1.129905
1.130362
1.131334
1.133905
1.134334
1.136335
1.138334
1.139333
1.141335
1.010283
0.999421
1.001588
1.003755
1.005362
1.006987
1.009143
1.010738
1.010805
1.014259
1.01656
1.018737
1.020375
1.022661
1.023153
1.025485
1.026599
1.028747
1.030374
1.03251
1.033505
1.036076
1.039075
1.043504
1.046504
1.051504
1.054206
1.054503
1.055445
1.058074
1.060074
1.060504
1.061443
1.062444
1.064444
1.065445
1.067972
1.070074
1.071074
1.072502
1.072443
1.075075
1.075972
1.077504
1.077972
1.079974
1.081505
1.083781
1.084504
1.085503
1.086504
1.088149
1.089145
1.089615
1.091147
1.093211
1.094615
1.096147
1.096086
1.098086
1.099615
1.100614
1.101615
1.103615
1.104615
1.106615
1.10816
1.110716
1.111717
1.112145
1.113145
1.114818
1.117425
1.118426
1.118718
1.119086
1.120085
1.121087
1.124716
1.124086
1.125086
1.126086
1.128086
1.131717
1.132085
1.134219
1.136498
1.140022
1.140754
1.143634
1.144814
1.147694
1.151411
1.15211
1.15411
1.156212
1.158211
1.160211
1.160579
1.163918
1.004418
0.999559
1.001173
1.003363
1.005522
1.007168
1.009338
1.010943
1.012793
1.01372
1.016504
1.018224
1.020414
1.023644
1.025965
1.027595
1.029209
1.031008
1.033237
1.03464
1.035422
1.036945
1.038944
1.039943
1.041944
1.043794
1.045795
1.046808
1.048951
1.051561
1.053558
1.052943
1.054944
1.055944
1.056944
1.058944
1.059943
1.060944
1.062944
1.063943
1.065943
1.066942
1.067942
1.068943
1.070942
1.071943
1.074796
1.076796
1.078795
1.080795
1.080942
1.083793
1.085795
1.087798
1.090795
1.092795
1.093795
1.095794
1.096794
1.098795
1.100795
1.102796
1.104795
1.106795
1.107797
1.109952
1.111951
1.114558
1.116562
1.118562
1.119796
1.122559
1.12356
1.125559
1.127559
1.129559
1.131943
1.133943
1.137559
1.137796
1.139945
1.141943
1.143943
1.145943
1.148947
1.151795
1.152944
1.154944
1.157795
1.158942
1.160943
1.162943
1.165795
1.166942
1.168943
1.171799
1.174558
1.159945
1.161944
1.162945
1.002909
1.005725
1.006416
1.008039
1.010265
1.012848
1.01447
1.016093
1.017852
1.019452
1.021066
1.023359
1.02431
1.0266
1.028775
1.030397
1.032457
1.033453
1.035455
1.037453
1.038842
1.040454
1.042454
1.044454
1.046456
1.047456
1.049455
1.050453
1.052454
1.056454
1.052836
1.054837
1.055837
1.057837
1.058839
1.060836
1.061837
1.063771
1.064836
1.065837
1.066836
1.067835
1.069837
1.070839
1.072835
1.073837
1.074837
1.075835
1.077835
1.078837
1.079836
1.081837
1.082835
1.084836
1.086772
1.086837
1.08977
1.090772
1.091772
1.091837
1.093836
1.095773
1.095836
1.098773
1.09977
1.101771
1.102772
1.10377
1.103837
1.10577
1.106772
1.108771
1.108836
1.109837
1.113835
1.114837
1.115836
1.116835
1.117838
1.118836
1.121771
1.122772
1.12377
1.12577
1.127771
1.129771
1.13077
1.132773
1.13477
1.136772
1.137837
1.140773
1.142771
1.143774
1.145771
1.147772
1.147837
1.150771
1.136835
1.137835
1.007934
1.011689
1.010934
1.013161
1.014805
1.016992
1.019555
1.021685
1.023468
1.025143
1.026831
1.028995
1.030613
1.032222
1.033918
1.036206
1.037982
1.039617
1.041258
1.042865
1.045078
1.047165
1.048163
1.050164
1.052164
1.053228
1.055164
1.058058
1.059057
1.060164
1.061164
1.063058
1.064163
1.066058
1.067058
1.068164
1.069227
1.071057
1.072057
1.074058
1.075058
1.076057
1.078059
1.079058
1.080057
1.082056
1.083057
1.084058
1.084163
1.086057
1.087057
1.089057
1.090059
1.092058
1.093057
1.092219
1.094165
1.09522
1.09622
1.09722
1.09822
1.100219
1.101222
1.103221
1.10422
1.105219
1.107164
1.107221
1.10922
1.110221
1.111219
1.112219
1.11398
1.114978
1.115977
1.117977
1.118977
1.119978
1.120976
1.12292
1.124921
1.124978
1.125977
1.126978
1.128979
1.130977
1.132978
1.134976
1.136979
1.137978
1.140922
1.142921
1.129433
1.131433
1.133433
1.135434
1.137434
1.138434
1.140433
1.141432
1.009889
1.000803
1.002431
1.004588
1.006208
1.008357
1.010564
1.012392
1.013519
1.014331
1.01752
1.01991
1.022052
1.022034
1.025977
1.027184
1.029326
1.031635
1.033239
1.034871
1.037799
1.03717
1.038798
1.040975
1.042671
1.043663
1.046628
1.048629
1.049629
1.0524
1.053627
1.053663
1.054664
1.057628
1.058627
1.060399
1.060627
1.061628
1.063627
1.064629
1.066629
1.067629
1.068629
1.069627
1.070628
1.071626
1.073628
1.074629
1.07663
1.077628
1.078627
1.078662
1.080663
1.081663
1.082663
1.084629
1.085627
1.0884
1.088629
1.0914
1.091629
1.092627
1.0944
1.095627
1.0974
1.097628
1.09867
1.100399
1.100665
1.101664
1.102663
1.104662
1.105664
1.106664
1.107664
1.108665
1.109663
1.113399
1.112664
1.115401
1.11467
1.119401
1.119663
1.120663
1.12363
1.124664
1.126664
1.128664
1.130664
1.132664
1.133664
1.135662
1.139402
1.139628
1.141627
1.143631
1.14463
1.1464
1.146664
1.147664
1.00158
1.002743
1.00491
1.007296
1.008969
1.010569
1.012708
1.014326
1.014788
1.018097
1.021234
1.021046
1.022688
1.024807
1.026432
1.028982
1.029348
1.030954
1.034007
1.035616
1.03759
1.039198
1.040815
1.041883
1.044011
1.045762
1.0474
1.04892
1.050849
1.052848
1.052015
1.05408
1.054613
1.057129
1.058747
1.060866
1.061593
1.063192
1.064274
1.066796
1.067866
1.068854
1.069855
1.071781
1.072854
1.073855
1.074856
1.076853
1.077852
1.078854
1.079852
1.080853
1.082853
1.083854
1.085855
1.086855
1.087853
1.088851
1.090851
1.091853
1.092854
1.093852
1.094852
1.096853
1.097855
1.099853
1.100957
1.101957
1.103956
1.105782
1.106784
1.10778
1.108781
1.110779
1.11178
1.112781
1.112948
1.114853
1.114949
1.115949
1.117946
1.118948
1.121782
1.120949
1.124947
1.128948
1.130948
1.13195
1.133949
1.134949
1.135948
1.136949
1.138949
1.139948
1.126952
1.127951
1.129953
1.130954
1.131952
1.132951
1.015607
1.015731
1.017246
1.018791
1.01993
1.024526
1.025246
1.026545
1.02855
1.0302
1.032997
1.03499
1.037123
1.038809
1.040991
1.042894
1.044762
1.046516
1.04865
1.049736
1.051905
1.053493
1.054587
1.056105
1.058107
1.060651
1.062105
1.063106
1.066105
1.067107
1.069651
1.070106
1.07165
1.073106
1.074651
1.076652
1.077653
1.07965
1.080105
1.081651
1.083653
1.084651
1.085672
1.088385
1.088651
1.089652
1.091651
1.092651
1.09465
1.095651
1.09665
1.097789
1.099388
1.100385
1.100107
1.103385
1.104389
1.105651
1.107388
1.107105
1.10714
1.10914
1.111106
1.111139
1.112141
1.114139
1.11514
1.117139
1.118139
1.119141
1.120139
1.122141
1.124106
1.12414
1.126107
1.12614
1.12714
1.129139
1.132105
1.132138
1.133138
1.134138
1.135138
1.137141
1.138141
1.13914
1.140141
1.141139
1.143141
1.145106
1.146107
1.147107
1.148108
1.149108
1.151105
1.138192
1.139182
1.140179
1.142181
1.143182
1.015254
1.011154
1.012953
1.014553
1.016762
1.019054
1.019999
1.02164
1.022322
1.024374
1.027371
1.028372
1.031373
1.034319
1.036319
1.038319
1.039321
1.041318
1.042317
1.044319
1.046317
1.047319
1.049024
1.051011
1.052014
1.053013
1.055011
1.057011
1.059012
1.061075
1.063011
1.065075
1.066582
1.068012
1.069013
1.071581
1.072583
1.073582
1.075581
1.076581
1.07758
1.078583
1.080583
1.081582
1.082582
1.083581
1.085584
1.086581
1.087599
1.089581
1.090687
1.092274
1.093274
1.09301
1.094011
1.095067
1.096125
1.098066
1.099067
1.100067
1.101068
1.103066
1.104066
1.105066
1.107011
1.107065
1.108067
1.110066
1.112066
1.11401
1.115011
1.115065
1.117066
1.118066
1.119068
1.121012
1.121067
1.123067
1.124067
1.125066
1.127066
1.128067
1.129066
1.131011
1.13301
1.133066
1.134068
1.135066
1.136066
1.138068
1.140012
1.140065
1.142066
1.144011
1.145013
1.14601
1.147011
1.149012
1.150013
1.151012
1.008039
1.010995
1.012293
1.013011
1.014668
1.017829
1.019447
1.021206
1.022813
1.024416
1.025512
1.027128
1.029268
1.030334
1.032327
1.033326
1.035326
1.037938
1.039939
1.040939
1.042937
1.043327
1.045938
1.047939
1.048941
1.04994
1.051939
1.052939
1.053939
1.055939
1.056938
1.058946
1.060615
1.061937
1.063013
1.06394
1.062812
1.063812
1.064811
1.066812
1.067814
1.068812
1.070811
1.073326
1.072813
1.073812
1.074813
1.076813
1.079326
1.078813
1.080803
1.082804
1.082814
1.084804
1.086803
1.088326
1.087814
1.089809
1.090804
1.092804
1.093805
1.094806
1.095804
1.098326
1.098804
1.099803
1.100804
1.102805
1.103804
1.104806
1.105805
1.106803
1.107816
1.109805
1.110805
1.112325
1.113805
1.114804
1.115805
1.116805
1.117805
1.119326
1.119805
1.122329
1.122805
1.124328
1.124804
1.126806
1.127805
1.129326
1.129804
1.130803
1.132805
1.133823
1.135325
1.136804
1.138326
1.139325
1.124814
1.126815
1.004692
1.008281
1.008668
1.010874
1.011616
1.014146
1.015759
1.017408
1.019778
1.021464
1.023618
1.025212
1.026791
1.02791
1.029527
1.031703
1.033344
1.036001
1.039061
1.039871
1.041491
1.043936
1.046124
1.047748
1.049888
1.051901
1.053547
1.055161
1.056227
1.057847
1.058934
1.060565
1.061638
1.063228
1.063747
1.063933
1.065032
1.066033
1.067032
1.068032
1.070032
1.071032
1.072032
1.073033
1.075033
1.076032
1.077031
1.078031
1.079032
1.081031
1.082033
1.083034
1.085032
1.086033
1.087032
1.088031
1.089033
1.091032
1.092033
1.093032
1.094031
1.096033
1.098034
1.099032
1.100033
1.101032
1.102033
1.104031
1.105034
1.106033
1.107032
1.108032
1.111743
1.111934
1.112934
1.114031
1.115933
1.116034
1.117933
1.118933
1.120934
1.121933
1.122934
1.124934
1.126933
1.127933
1.128932
1.130934
1.131933
1.132933
1.133935
1.135934
1.122776
1.123775
1.124775
1.126774
1.127774
1.128775
1.130774
1.132775
1.007428
0.997813
0.99932
1.000961
1.003122
1.004764
1.006401
1.009274
1.009689
1.012616
1.014785
1.016969
1.019884
1.019795
1.022784
1.024612
1.025169
1.026781
1.028925
1.031104
1.032733
1.033841
1.034365
1.03636
1.038888
1.039888
1.041889
1.04289
1.044889
1.045889
1.04789
1.048889
1.050888
1.052887
1.053888
1.055411
1.056411
1.057357
1.058888
1.060411
1.062412
1.063412
1.064411
1.065411
1.065359
1.068412
1.069413
1.07041
1.072412
1.074412
1.075602
1.076411
1.078601
1.079601
1.080411
1.080358
1.082471
1.084109
1.08611
1.087109
1.087358
1.090108
1.091108
1.092107
1.09311
1.095108
1.096108
1.097109
1.095828
1.096828
1.098828
1.099829
1.100827
1.101827
1.10489
1.104828
1.10636
1.106828
1.107826
1.109358
1.111361
1.112358
1.114889
1.114829
1.11636
1.117887
1.117828
1.11989
1.121359
1.121827
1.123359
1.124359
1.126359
1.129889
1.130889
1.132358
1.13489
1.134828
1.13683
1.141108
1.009889
1.013228
1.014429
1.017802
1.021431
1.020433
1.022025
1.023633
1.025541
1.026609
1.027603
1.03014
1.032308
1.033941
1.035561
1.037197
1.038799
1.040065
1.042208
1.04447
1.045012
1.047528
1.049094
1.051329
1.052951
1.054682
1.056279
1.058433
1.060038
1.061107
1.062716
1.063816
1.064892
1.065983
1.067672
1.068656
1.070324
1.072323
1.073324
1.073649
1.076325
1.076746
1.078325
1.078744
1.080326
1.082326
1.083324
1.084121
1.086324
1.087323
1.088323
1.090325
1.091325
1.092326
1.093324
1.094325
1.094121
1.097324
1.098324
1.099324
1.099132
1.100132
1.102121
1.103121
1.104122
1.105132
1.106131
1.107132
1.109173
1.111121
1.112121
1.113121
1.114121
1.116122
1.117122
1.118122
1.119121
1.120124
1.122123
1.123121
1.124122
1.126121
1.127122
1.128121
1.129124
1.130122
1.131123
1.119215
1.120184
1.121184
1.123183
1.124184
1.125182
1.126185
1.127184
1.129184
1.130184
1.131184
1.132183
1.133183
1.012367
1.002974
1.005021
1.00656
1.00817
1.009796
1.011431
1.013055
1.015407
1.01609
1.018757
1.020133
1.024141
1.024775
1.026997
1.028855
1.03212
1.034291
1.036503
1.037091
1.038712
1.039786
1.042446
1.044701
1.045802
1.048323
1.049323
1.051324
1.052322
1.053323
1.055323
1.056854
1.058322
1.059795
1.061324
1.062326
1.063322
1.064324
1.066324
1.067858
1.068857
1.070322
1.071855
1.072855
1.073855
1.074323
1.075955
1.075796
1.078855
1.08046
1.081458
1.082854
1.083854
1.084856
1.086854
1.086795
1.088855
1.090459
1.09146
1.090796
1.093856
1.094856
1.095795
1.098458
1.099458
1.099953
1.100795
1.103459
1.10446
1.103276
1.104277
1.106276
1.107277
1.108278
1.110277
1.111278
1.112276
1.113277
1.115324
1.115276
1.116275
1.118277
1.119277
1.121278
1.123277
1.125278
1.126796
1.128795
1.129796
1.131798
1.133796
1.135796
1.137795
1.140325
1.142857
1.142278
1.145856
1.146795
1.147276
1.150877
1.006516
0.99369
0.99585
0.997985
0.999705
1.001332
1.003475
1.005083
1.007074
1.009386
1.01155
1.014652
1.01643
1.017125
1.0193
1.021103
1.021781
1.025274
1.025957
1.027576
1.029189
1.033183
1.034232
1.037183
1.039232
1.040235
1.044113
1.04419
1.046183
1.048183
1.050111
1.051112
1.052812
1.053878
1.055805
1.055878
1.058806
1.058928
1.060879
1.061924
1.062925
1.063926
1.064925
1.066926
1.067926
1.069877
1.070924
1.072877
1.074876
1.074924
1.075927
1.078877
1.080806
1.080879
1.082807
1.084806
1.085807
1.087329
1.087399
1.088449
1.089449
1.090449
1.093332
1.093401
1.095401
1.096401
1.09645
1.097449
1.099449
1.10045
1.101449
1.103447
1.104449
1.105449
1.107402
1.107448
1.109448
1.110449
1.11145
1.113448
1.114479
1.115448
1.118332
1.118449
1.120401
1.120448
1.121448
1.12245
1.124451
1.12733
1.127401
1.12845
1.130401
1.131401
1.133329
1.133403
1.135401
1.136402
1.137402
1.138403
1.005215
1.000406
1.00263
1.004247
1.005873
1.008052
1.009709
1.011319
1.013802
1.015427
1.015444
1.019094
1.020818
1.022998
1.025375
1.026877
1.027589
1.029212
1.03246
1.033933
1.034628
1.037136
1.038132
1.039206
1.041823
1.042131
1.044134
1.045132
1.047824
1.049134
1.049205
1.051204
1.053134
1.053205
1.055207
1.056206
1.058136
1.060134
1.060208
1.061206
1.062206
1.064826
1.066132
1.066206
1.067206
1.069132
1.070132
1.072825
1.073131
1.074134
1.075206
1.076205
1.077206
1.078207
1.080207
1.081205
1.082207
1.084823
1.086825
1.087824
1.089131
1.090132
1.091131
1.091204
1.092204
1.094132
1.096132
1.097132
1.097209
1.100132
1.101131
1.101205
1.103133
1.105133
1.106132
1.106204
1.108824
1.108207
1.111825
1.112132
1.112205
1.114206
1.115206
1.116205
1.117208
1.119206
1.121133
1.121206
1.122207
1.124206
1.125206
1.127205
1.128205
1.129206
1.131131
1.13213
1.13413
1.134206
1.136824
1.122208
