0.007837
0.022266
0.013116
0.004028
0.003612
0.016683
0.013166
0.008823
0.008079
0.009185
0.012388
0.00871
0.006039
0.01261
0.01157
0.005043
0.010049
0.015418
0.014367
0.019293
0.013524
0.010688
0.011208
0.010461
0.010839
0.017269
0.012713
0.017915
0.01616
0.021983
0.014991
0.015003
0.020046
0.020994
0.018001
0.017
0.012
0.016999
0.017998
0.012996
0.015993
0.010999
0.006005
0.008002
0.005997
0.006002
0.007003
0.006001
0.009002
0.007999
0.011998
0.006001
0.006
0.008
0.004001
0.007
0.005998
0.009
0.007001
0.004001
0.012002
0.005001
0.003998
0.006001
0.008999
0.013516
0.010712
0.014973
0.015178
0.026178
0.026179
0.025932
0.023447
0.020932
0.02193
0.029448
0.023362
0.026889
0.021751
0.009526
0.009521
0.006998
0.003999
0.003006
0.006004
0.004995
0.003001
0.004004
0.007
0.006999
0.007998
0.010999
0.009996
0.011997
0.011
0.010998
0.011003
0.009
0.007996
0.009999
0.001754
0.001614
0.001306
0.001602
0.001073
0.001315
0.00164
0.003232
0.001066
0.001095
0.001074
0.00107
0.001085
0.001065
0.001597
0.001071
0.001082
0.001621
0.001058
0.001686
0.001079
0.001074
0.001519
0.001078
0.001705
0.001616
0.001078
0.001055
0.001176
0.00166
0.001085
0.00107
0.001114
0.001069
0.001605
0.001629
0.001064
0.001113
0.001101
0.001091
0.001066
0.001288
0.00108
0.001062
0.001589
0.001218
0.001068
0.001064
0.001087
0.001092
0.001254
0.001159
0.001609
0.002142
0.001389
0.001068
0.001073
0.001078
0.001059
0.001636
0.00122
0.001083
0.002175
0.001609
0.001074
0.001083
0.001077
0.001602
0.002652
0.004245
0.004806
0.005876
0.007487
0.009209
0.010315
0.011385
0.012979
0.01404
0.01458
0.015097
0.01666
0.017822
0.018281
0.019281
0.020721
0.020658
0.021657
0.023195
0.024195
0.024129
0.026129
0.026598
0.027073
0.029074
0.031599
0.032074
0.033545
0.034528
0.037075
0.038528
0.001544
0.001602
0.001091
0.001066
0.00108
0.001064
0.001606
0.003201
0.001075
0.001145
0.001588
0.001593
0.001092
0.001162
0.001602
0.001083
0.001076
0.001594
0.001071
0.001629
0.001064
0.001058
0.001063
0.001079
0.001625
0.001646
0.001622
0.001072
0.001081
0.001601
0.001091
0.001064
0.001103
0.001072
0.001613
0.001634
0.001137
0.001066
0.001097
0.001088
0.001075
0.001379
0.001052
0.001066
0.00158
0.001087
0.001081
0.001608
0.00107
0.001097
0.001114
0.001094
0.001079
0.001608
0.001445
0.00112
0.001091
0.001075
0.001635
0.001599
0.00109
0.001063
0.00215
0.001594
0.001079
0.001092
0.001073
0.001664
0.002651
0.003747
0.006505
0.010838
0.014491
0.017181
0.019324
0.021989
0.022458
0.022929
0.024892
0.024831
0.025833
0.026298
0.027288
0.02768
0.027617
0.028537
0.027947
0.028941
0.029409
0.031407
0.031872
0.032861
0.033861
0.034335
0.036335
0.036738
0.037739
0.038211
0.039211
0.041211
0.001892
0.001092
0.001057
0.001076
0.001077
0.00161
0.001754
0.003326
0.001067
0.001065
0.001055
0.001067
0.001143
0.001219
0.001061
0.00106
0.0011
0.00159
0.001077
0.001622
0.00107
0.001074
0.00107
0.001091
0.001612
0.001609
0.001101
0.001052
0.001063
0.001599
0.001191
0.001058
0.001596
0.001066
0.001635
0.001632
0.00106
0.00109
0.001085
0.001085
0.001065
0.001367
0.001053
0.001063
0.001066
0.001282
0.00163
0.00161
0.001073
0.001608
0.001059
0.001077
0.001648
0.002173
0.00133
0.001093
0.001069
0.001067
0.000718
0.001536
0.001081
0.001076
0.002684
0.001609
0.000897
0.001098
0.001064
0.001082
0.00212
0.003202
0.004312
0.005374
0.005904
0.006583
0.007131
0.008719
0.009767
0.010342
0.009825
0.010917
0.010229
0.010239
0.010753
0.010265
0.011953
0.013211
0.013763
0.01368
0.014219
0.01473
0.015794
0.014181
0.012581
0.012996
0.013997
0.014997
0.016996
0.017463
0.019462
0.021463
0.001564
0.001616
0.001072
0.001074
0.001102
0.001421
0.001598
0.00312
0.001154
0.001069
0.001064
0.001594
0.001079
0.001087
0.001602
0.001054
0.00109
0.001603
0.001078
0.00168
0.001072
0.001587
0.001588
0.001125
0.001621
0.001607
0.001214
0.001062
0.001058
0.001579
0.001131
0.00114
0.001112
0.00113
0.001061
0.001091
0.001069
0.00108
0.001173
0.001078
0.001049
0.001295
0.001086
0.001072
0.001592
0.001254
0.001613
0.00107
0.001093
0.001089
0.001065
0.001097
0.001059
0.001629
0.00079
0.001077
0.001087
0.001089
0.001296
0.001167
0.001081
0.001082
0.002141
0.001613
0.001278
0.001658
0.001073
0.001077
0.00214
0.002693
0.004388
0.004927
0.005933
0.005927
0.00647
0.007536
0.009127
0.009104
0.009104
0.010168
0.009659
0.009756
0.010296
0.009761
0.010825
0.011932
0.013611
0.013075
0.014128
0.013586
0.015246
0.014102
0.013035
0.011972
0.013033
0.013566
0.014031
0.01497
0.017561
0.017973
0.00144
0.001639
0.001291
0.001141
0.001082
0.001676
0.001614
0.002668
0.001082
0.001083
0.001073
0.001066
0.001582
0.001236
0.001068
0.001075
0.00108
0.001577
0.001059
0.001638
0.001073
0.001057
0.00107
0.001082
0.0016
0.001613
0.001085
0.001067
0.001072
0.001092
0.001062
0.001612
0.001073
0.001065
0.001609
0.001702
0.00107
0.001097
0.001105
0.001102
0.001066
0.001067
0.001085
0.00114
0.001064
0.001061
0.017317
0.016222
0.011435
0.008735
0.007041
0.002692
0.001068
0.001619
0.001454
0.001105
0.001069
0.001064
0.001059
0.001101
0.00107
0.00108
0.002162
0.001604
0.001052
0.001604
0.001133
0.001056
0.002153
0.003212
0.004288
0.005346
0.006433
0.006423
0.00695
0.008026
0.008642
0.009578
0.008967
0.010438
0.009827
0.00977
0.009696
0.009
0.009999
0.009997
0.011999
0.013001
0.012998
0.014002
0.015002
0.013999
0.011999
0.009999
0.010999
0.010998
0.013
0.013998
0.014998
0.015998
0.001817
0.001081
0.001318
0.001063
0.001093
0.001075
0.001709
0.002248
0.00108
0.001081
0.001362
0.001052
0.001611
0.001221
0.001599
0.001056
0.001072
0.001065
0.001058
0.001605
0.000532
0.001087
0.001082
0.001112
0.001613
0.002138
0.001088
0.001124
0.001061
0.00107
0.001629
0.001075
0.00107
0.00106
0.001587
0.001626
0.001059
0.001164
0.00108
0.001623
0.001065
0.001514
0.00107
0.001063
0.001604
0.001079
0.001613
0.001644
0.001091
0.001059
0.001081
0.001067
0.001062
0.001644
0.000786
0.001084
0.00107
0.001065
0.001173
0.00108
0.001072
0.001096
0.00269
0.001094
0.001049
0.001626
0.001071
0.001058
0.002261
0.003314
0.004423
0.004953
0.005913
0.006038
0.007061
0.008457
0.009891
0.01031
0.009706
0.010175
0.010583
0.011406
0.012362
0.010431
0.01204
0.012643
0.013691
0.013685
0.017208
0.01711
0.019241
0.01889
0.017267
0.016375
0.017355
0.016238
0.01776
0.018762
0.019712
0.020713
0.001472
0.001068
0.001595
0.001608
0.001187
0.001586
0.001587
0.003181
0.001109
0.001141
0.001067
0.001597
0.001624
0.001225
0.001064
0.001052
0.001069
0.001071
0.001219
0.0016
0.001084
0.001049
0.00107
0.001069
0.001631
0.00216
0.001086
0.001051
0.001061
0.001102
0.001075
0.001
0.001
0.00118
0.001592
0.001085
0.001072
0.001102
0.001142
0.001612
0.001093
0.001186
0.001616
0.001058
0.001607
0.001074
0.00162
0.001624
0.001092
0.001314
0.001097
0.001085
0.001066
0.001719
0.001354
0.001086
0.001569
0.001075
0.001087
0.001084
0.001093
0.001065
0.002677
0.001698
0.001497
0.001635
0.00109
0.001063
0.002141
0.003281
0.004382
0.004919
0.005998
0.006479
0.006994
0.007539
0.00922
0.009714
0.009955
0.010483
0.008415
0.010034
0.010014
0.008958
0.009525
0.010322
0.010335
0.009197
0.00974
0.011333
0.012512
0.013063
0.011932
0.010763
0.012222
0.011077
0.010452
0.011453
0.011919
0.014453
0.00191
0.001703
0.001753
0.001077
0.0011
0.001601
0.001619
0.003305
0.002249
0.001626
0.001077
0.001586
0.00163
0.001436
0.001614
0.0011
0.001101
0.00109
0.001651
0.002157
0.001681
0.001615
0.002128
0.002153
0.002692
0.003769
0.001694
0.001612
0.000522
0.000995
0.001002
0.002001
0.001001
0.001
0.001
0.000999
0.000999
0.001
0.001
0.000997
0.001001
0.000999
0.001001
0.000999
0.000998
0.001001
0.001296
0.001604
0.001076
0.001636
0.001071
0.001073
0.001064
0.001636
0.001457
0.001669
0.001086
0.001688
0.001087
0.001083
0.001083
0.001051
0.002126
0.001609
0.001063
0.001635
0.001084
0.001063
0.001629
0.002676
0.004138
0.004725
0.005277
0.005823
0.006425
0.006436
0.008109
0.008664
0.008894
0.009994
0.007884
0.008948
0.009487
0.007573
0.008106
0.009717
0.009117
0.008668
0.00917
0.009756
0.010835
0.011908
0.011843
0.010795
0.010795
0.009588
0.008986
0.010987
0.011438
0.013437
0.001536
0.001063
0.001076
0.001352
0.001087
0.001073
0.001553
0.003146
0.002151
0.001071
0.001158
0.001082
0.001072
0.001267
0.001616
0.001072
0.001082
0.001089
0.001272
0.002157
0.001107
0.001576
0.001678
0.001069
0.001621
0.002155
0.001085
0.001381
0.001083
0.001068
0.001084
0.001063
0.001095
0.001095
0.001308
0.001099
0.001073
0.001086
0.00107
0.001091
0.001073
0.001297
0.001077
0.001073
0.001593
0.00107
0.001634
0.001686
0.001067
0.001089
0.001087
0.001071
0.001061
0.001648
0.001788
0.002681
0.001077
0.001052
0.001185
0.001161
0.001075
0.001071
0.002678
0.001655
0.001121
0.002134
0.001092
0.000532
0.001112
0.002204
0.003881
0.004389
0.004876
0.005874
0.006398
0.005834
0.007649
0.008226
0.008755
0.009575
0.007015
0.008599
0.00892
0.00676
0.007329
0.008926
0.009083
0.008056
0.008613
0.009165
0.00972
0.011499
0.011501
0.010389
0.020892
0.020734
0.020572
0.022572
0.023015
0.025018
0.00108
0.001087
0.001088
0.001591
0.001096
0.001107
0.001609
0.003206
0.002666
0.001622
0.00115
0.001072
0.001622
0.00106
0.001077
0.001087
0.001103
0.001092
0.00162
0.002164
0.001061
0.001055
0.00112
0.001049
0.00225
0.002787
0.00108
0.001069
0.001079
0.001077
0.001081
0.001079
0.001608
0.001071
0.001081
0.001099
0.001065
0.001705
0.001092
0.001097
0.001064
0.001073
0.001063
0.001073
0.001093
0.001076
0.001651
0.001712
0.001076
0.001636
0.001679
0.001056
0.001065
0.001106
0.001646
0.002706
0.001089
0.001079
0.001188
0.001078
0.001598
0.001084
0.002159
0.001085
0.00108
0.002136
0.001089
0.001066
0.002172
0.003663
0.005238
0.005748
0.006619
0.006686
0.007727
0.007834
0.008925
0.009462
0.011042
0.012078
0.009718
0.01078
0.011851
0.009594
0.010238
0.011853
0.012772
0.011664
0.012592
0.01333
0.014634
0.015622
0.016095
0.014862
0.017943
0.015653
0.015159
0.016534
0.018533
0.018676
0.001486
0.001083
0.001115
0.001053
0.00107
0.001067
0.001626
0.003231
0.003384
0.002147
0.001082
0.001603
0.001618
0.001308
0.001603
0.001614
0.001611
0.001076
0.001601
0.001593
0.001162
0.00159
0.002155
0.001645
0.001087
0.002687
0.001092
0.001074
0.001172
0.001083
0.001594
0.001082
0.001611
0.001133
0.001063
0.001069
0.001071
0.001077
0.001114
0.001637
0.001082
0.001085
0.001056
0.00108
0.001088
0.001074
0.002138
0.001615
0.001076
0.001081
0.001093
0.001134
0.001085
0.001596
0.001654
0.002163
0.001134
0.001069
0.001193
0.00108
0.001084
0.001622
0.002135
0.001081
0.001316
0.001618
0.001081
0.001064
0.001073
0.00214
0.002699
0.003289
0.003872
0.004381
0.005966
0.005913
0.006977
0.007537
0.008573
0.010213
0.00806
0.009196
0.010236
0.008652
0.008589
0.009134
0.010201
0.009661
0.01022
0.010778
0.01179
0.012615
0.014597
0.012012
0.013945
0.013884
0.011795
0.013441
0.014542
0.015188
0.001899
0.001057
0.001592
0.001593
0.001628
0.00162
0.001636
0.003216
0.003422
0.002213
0.001097
0.001622
0.001636
0.001052
0.001594
0.001623
0.001625
0.00115
0.001634
0.002729
0.001072
0.001649
0.002351
0.00159
0.001631
0.002153
0.001074
0.001591
0.001079
0.001067
0.001083
0.001061
0.001597
0.00106
0.001067
0.001075
0.001147
0.001082
0.00054
0.001096
0.001082
0.001076
0.001046
0.001061
0.001597
0.001078
0.002163
0.0011
0.001079
0.001071
0.00116
0.001084
0.001071
0.001099
0.001456
0.00237
0.001088
0.00106
0.001081
0.001071
0.00106
0.001075
0.002149
0.001086
0.000966
0.00161
0.001083
0.001059
0.001172
0.002228
0.002739
0.002122
0.00381
0.00376
0.004829
0.005347
0.006447
0.006963
0.007496
0.008618
0.007613
0.008674
0.009243
0.007074
0.007562
0.008106
0.009177
0.008584
0.008616
0.008623
0.010303
0.010827
0.011356
0.00919
0.009769
0.009175
0.005887
0.006476
0.007022
0.00897
0.001893
0.001075
0.001595
0.00151
0.001112
0.001691
0.001319
0.002705
0.003785
0.002135
0.001073
0.001076
0.001603
0.001
0.001593
0.001613
0.001103
0.001095
0.001094
0.002207
0.001074
0.001619
0.002676
0.0016
0.001625
0.002148
0.001071
0.001607
0.001054
0.001064
0.001628
0.001105
0.001052
0.001072
0.001591
0.001663
0.001073
0.001062
0.001062
0.001075
0.001066
0.001079
0.001344
0.001149
0.001081
0.001198
0.002261
0.001093
0.001067
0.000704
0.001072
0.001083
0.001046
0.001601
0.002003
0.003066
0.00108
0.001606
0.001678
0.001077
0.001613
0.001085
0.001625
0.001093
0.001254
0.002131
0.00109
0.001169
0.001077
0.002155
0.002678
0.002652
0.003226
0.00379
0.004838
0.005908
0.006444
0.007582
0.007543
0.00863
0.007606
0.008685
0.009208
0.007509
0.007518
0.008591
0.008572
0.007959
0.008033
0.008608
0.009687
0.010741
0.011827
0.009198
0.009781
0.009148
0.006481
0.006505
0.007111
0.009103
0.001535
0.001076
0.001152
0.001632
0.00106
0.001607
0.001281
0.002683
0.003227
0.00214
0.001082
0.001657
0.001626
0.001174
0.001101
0.002218
0.001638
0.001088
0.001634
0.002157
0.001068
0.001619
0.002692
0.002156
0.002146
0.002753
0.001061
0.001075
0.001077
0.00109
0.001159
0.001627
0.001091
0.001076
0.001075
0.001101
0.001062
0.001091
0.001071
0.006562
0.003197
0.001143
0.001656
0.001064
0.001633
0.001075
0.002692
0.001081
0.00133
0.001073
0.001071
0.001065
0.001094
0.002163
0.001525
0.003107
0.001084
0.001607
0.001602
0.001078
0.00108
0.00106
0.001612
0.001084
0.001761
0.00216
0.001596
0.001604
0.001609
0.002676
0.003744
0.00323
0.004296
0.004859
0.005357
0.006974
0.007502
0.008558
0.008558
0.010187
0.009124
0.010185
0.01074
0.009275
0.008724
0.00926
0.010332
0.0103
0.010348
0.010329
0.010845
0.011895
0.01353
0.010199
0.010831
0.010792
0.007541
0.008112
0.008376
0.010271
0.001344
0.001078
0.001069
0.001069
0.001057
0.001602
0.001343
0.002719
0.003272
0.002144
0.001079
0.001074
0.00164
0.001355
0.001611
0.00267
0.002138
0.001062
0.001606
0.002686
0.001079
0.001618
0.002692
0.002137
0.002152
0.002675
0.001085
0.00105
0.00106
0.001082
0.001077
0.001076
0.001686
0.001065
0.001624
0.001595
0.001157
0.001095
0.001089
0.001081
0.001086
0.001093
0.001071
0.001086
0.00109
0.001608
0.00268
0.001071
0.001075
0.001072
0.001091
0.00107
0.001074
0.002695
0.001859
0.003471
0.00107
0.001582
0.001173
0.001077
0.001076
0.001611
0.001617
0.001599
0.000914
0.001735
0.001591
0.001098
0.001075
0.00269
0.003727
0.00324
0.004326
0.004312
0.005329
0.006389
0.007483
0.008102
0.008619
0.010288
0.009236
0.010301
0.01136
0.009164
0.009168
0.00969
0.010782
0.010819
0.010856
0.011371
0.011359
0.012425
0.013552
0.011435
0.01199
0.011308
0.008628
0.009158
0.009761
0.011789
0.001487
0.001094
0.00161
0.001618
0.00114
0.001604
0.00171
0.002709
0.003721
0.002139
0.001088
0.001069
0.001107
0.001313
0.001608
0.002143
0.002147
0.001064
0.00112
0.002703
0.00161
0.001085
0.002756
0.00269
0.002671
0.003139
0.00127
0.001101
0.001078
0.001084
0.001093
0.001067
0.001235
0.00107
0.001618
0.001594
0.001092
0.001251
0.001092
0.001077
0.001052
0.00114
0.00163
0.001072
0.001614
0.001612
0.00215
0.001082
0.001076
0.001084
0.001126
0.001083
0.00107
0.002155
0.001664
0.003312
0.001087
0.001063
0.002134
0.001058
0.00112
0.001068
0.00216
0.001066
0.00121
0.00283
0.00161
0.001604
0.001079
0.002164
0.002743
0.002147
0.003241
0.003767
0.004306
0.005896
0.006489
0.007014
0.007521
0.008592
0.007686
0.008699
0.009781
0.007627
0.007619
0.008161
0.009205
0.0086
0.008061
0.008604
0.009144
0.010285
0.011374
0.009799
0.010901
0.009837
0.007064
0.00709
0.007629
0.008644
0.001681
0.008585
0.001079
0.001621
0.001064
0.002191
0.003259
0.004942
0.006856
0.006024
0.004937
0.001646
0.002217
0.00108
0.002
0.002999
0.002
0.001
0.001001
0.002
0.001
0.001001
0.001997
0.001001
0.002001
0.001999
0.001
0.001069
0.001091
0.001142
0.001652
0.001072
0.001644
0.001063
0.001581
0.001603
0.00215
0.001581
0.001073
0.001154
0.001062
0.001185
0.002166
0.001087
0.001623
0.001616
0.002162
0.001077
0.001322
0.001077
0.001086
0.001099
0.001091
0.002677
0.001987
0.003041
0.001612
0.001614
0.002167
0.001074
0.001142
0.001624
0.002151
0.001075
0.001251
0.002138
0.002148
0.001607
0.00109
0.002162
0.002667
0.00265
0.00373
0.004334
0.004861
0.00593
0.006993
0.008045
0.008034
0.00907
0.008042
0.009134
0.009675
0.008096
0.007649
0.008208
0.009235
0.009229
0.009234
0.009762
0.009142
0.010729
0.011863
0.010294
0.010848
0.009823
0.006076
0.006555
0.007099
0.008157
0.00148
0.001063
0.001064
0.001619
0.001079
0.001381
0.003006
0.005882
0.005861
0.007027
0.005783
0.003181
0.00373
0.00163
0.001628
0.00273
0.002684
0.001636
0.001863
0.002744
0.001611
0.001066
0.001612
0.001073
0.002159
0.002263
0.00108
0.001622
0.001096
0.001091
0.001149
0.001616
0.001624
0.001071
0.001619
0.00163
0.002128
0.001082
0.001093
0.001148
0.00107
0.001094
0.001676
0.001076
0.001595
0.001067
0.002147
0.001083
0.001638
0.001069
0.001071
0.001084
0.001604
0.002123
0.000857
0.003081
0.002155
0.00161
0.002637
0.001076
0.001091
0.001633
0.002176
0.001074
0.001329
0.002165
0.002125
0.001593
0.001097
0.002165
0.002132
0.002154
0.003232
0.00439
0.004913
0.005428
0.006475
0.007544
0.008057
0.008608
0.007988
0.008534
0.009063
0.007482
0.006931
0.00757
0.008086
0.008653
0.008109
0.008669
0.008616
0.009676
0.01126
0.009686
0.010777
0.00967
0.005923
0.006983
0.00642
0.006959
0.00128
0.001073
0.002304
0.002304
0.002705
0.001627
0.001664
0.003358
0.004075
0.003767
0.003212
0.001109
0.002177
0.00106
0.001072
0.001096
0.00162
0.001163
0.000526
0.001624
0.001081
0.001091
0.002138
0.005914
0.014033
0.014061
0.012484
0.005939
0.004337
0.003789
0.004305
0.001127
0.001088
0.001074
0.001069
0.001627
0.001635
0.001081
0.001065
0.000544
0.001063
0.001082
0.001072
0.00108
0.001338
0.001083
0.002166
0.001612
0.001286
0.001062
0.001097
0.001077
0.001059
0.001602
0.001766
0.002852
0.00272
0.001207
0.002277
0.001073
0.001093
0.001069
0.002685
0.001063
0.001705
0.003321
0.002673
0.002652
0.001626
0.0027
0.003203
0.002055
0.003242
0.00392
0.005533
0.005414
0.007027
0.008104
0.009223
0.009841
0.008702
0.009237
0.010864
0.009223
0.008676
0.00918
0.009811
0.010344
0.009827
0.010452
0.009336
0.010448
0.012076
0.010956
0.01148
0.01085
0.00699
0.008583
0.00801
0.009077
0.001075
0.001075
0.001832
0.002283
0.001996
0.001084
0.001615
0.002732
0.0038
0.003858
0.003309
0.001088
0.002726
0.001076
0.001574
0.001609
0.002178
0.001079
0.001134
0.001094
0.001062
0.001066
0.002186
0.001615
0.001067
0.002143
0.001628
0.001079
0.001095
0.001068
0.00107
0.001077
0.001089
0.001081
0.001258
0.002172
0.002127
0.001616
0.001107
0.00109
0.001082
0.001132
0.001082
0.001075
0.001069
0.001072
0.002144
0.001085
0.001098
0.001068
0.001087
0.001076
0.001085
0.002156
0.001664
0.003273
0.002682
0.001597
0.002649
0.001227
0.001062
0.001632
0.002693
0.001149
0.001069
0.002149
0.002133
0.002142
0.001098
0.00219
0.002677
0.002853
0.003296
0.004371
0.005485
0.005514
0.006586
0.007647
0.008718
0.009762
0.008876
0.009915
0.011034
0.00939
0.008338
0.009417
0.009964
0.010385
0.010296
0.01031
0.008675
0.009693
0.010876
0.010852
0.011389
0.01085
0.006469
0.007525
0.008068
0.008624
0.001325
0.00106
0.002169
0.001682
0.002229
0.001614
0.001209
0.002184
0.003257
0.003793
0.002712
0.00123
0.002153
0.001091
0.001095
0.001635
0.001624
0.001078
0.001057
0.0011
0.00107
0.001076
0.001616
0.001083
0.001072
0.001681
0.00162
0.001066
0.001082
0.001075
0.001083
0.00107
0.001649
0.001055
0.001577
0.001645
0.002719
0.002151
0.001079
0.001082
0.001062
0.001077
0.001092
0.001063
0.001139
0.001083
0.002161
0.001068
0.001324
0.001074
0.001087
0.001097
0.001072
0.002692
0.001249
0.002835
0.003727
0.00139
0.002989
0.001619
0.00109
0.001591
0.002666
0.001076
0.001272
0.002156
0.001607
0.001596
0.001071
0.002162
0.002158
0.001628
0.001631
0.002177
0.003901
0.003908
0.00386
0.005474
0.00667
0.007165
0.007623
0.008158
0.009222
0.008168
0.007036
0.008192
0.009257
0.009253
0.009234
0.009228
0.008145
0.009184
0.009713
0.010416
0.010937
0.010458
0.006167
0.007235
0.007569
0.008634
0.001552
0.001064
0.002159
0.002223
0.002234
0.001714
0.001688
0.002768
0.003846
0.004871
0.003772
0.00161
0.002699
0.001074
0.001057
0.001832
0.002849
0.001145
0.001058
0.001092
0.001288
0.001057
0.001644
0.001077
0.001086
0.001606
0.001096
0.001591
0.001599
0.001624
0.001628
0.001081
0.001132
0.001255
0.001088
0.001692
0.00275
0.001611
0.001092
0.001097
0.001082
0.001101
0.001073
0.00108
0.001074
0.00108
0.002168
0.001082
0.001627
0.001157
0.001631
0.00108
0.001065
0.002127
0.002091
0.003152
0.004758
0.001612
0.002131
0.001111
0.001064
0.001587
0.002647
0.00108
0.001075
0.002132
0.00214
0.002226
0.001624
0.002169
0.002697
0.002138
0.002154
0.002718
0.004306
0.004319
0.004872
0.006525
0.007027
0.008639
0.008654
0.009153
0.010762
0.009633
0.008584
0.009638
0.010187
0.010726
0.010194
0.010747
0.009709
0.010219
0.011241
0.011296
0.011822
0.011284
0.005885
0.006932
0.008011
0.008626
0.001646
0.001071
0.001599
0.001761
0.00108
0.001617
0.001374
0.002268
0.003353
0.004417
0.003777
0.001084
0.002164
0.001061
0.001622
0.001631
0.002177
0.001138
0.001058
0.001061
0.00107
0.001159
0.001627
0.001099
0.001077
0.002147
0.001083
0.001058
0.001467
0.001604
0.001638
0.001076
0.001081
0.001081
0.001075
0.001602
0.003264
0.002192
0.001611
0.001097
0.001073
0.00107
0.001075
0.001076
0.001099
0.001618
0.00217
0.001057
0.001306
0.001069
0.00107
0.001069
0.001076
0.002145
0.001911
0.003509
0.004556
0.001618
0.00262
0.001076
0.001077
0.00163
0.003212
0.00106
0.001264
0.002137
0.002148
0.002137
0.001124
0.002145
0.002702
0.002157
0.00164
0.002264
0.003899
0.004315
0.004346
0.005404
0.006005
0.007067
0.008072
0.008079
0.009171
0.00864
0.007501
0.008583
0.009118
0.009651
0.009124
0.009728
0.008679
0.009761
0.010248
0.010803
0.011361
0.010277
0.005374
0.005923
0.00799
0.008876
0.001511
0.00107
0.001076
0.001002
0.001156
0.001066
0.001462
0.002218
0.003852
0.00702
0.008147
0.006534
0.007517
0.002691
0.00108
0.001624
0.002153
0.001074
0.00111
0.001064
0.001066
0.001064
0.001604
0.001076
0.001108
0.002236
0.001074
0.001065
0.001082
0.001191
0.001074
0.00109
0.001082
0.001076
0.001108
0.001622
0.002693
0.002682
0.001095
0.001058
0.001096
0.000706
0.000557
0.001083
0.001075
0.001597
0.002673
0.001067
0.001069
0.001075
0.001084
0.001062
0.001127
0.002148
0.002078
0.003157
0.00477
0.001337
0.00215
0.00108
0.001087
0.001624
0.003244
0.001053
0.001295
0.002898
0.003213
0.003214
0.002172
0.002185
0.00326
0.003177
0.002188
0.002771
0.004361
0.004904
0.004801
0.005877
0.006417
0.007483
0.008576
0.00912
0.009674
0.009129
0.008643
0.009728
0.009726
0.010808
0.010225
0.0108
0.009676
0.010211
0.011249
0.011831
0.012364
0.011364
0.006512
0.007055
0.007603
0.00867
0.000813
0.001078
0.001086
0.001
0.001069
0.001095
0.001667
0.00161
0.002675
0.003274
0.003288
0.001069
0.001097
0.00106
0.001624
0.001659
0.002733
0.001057
0.001072
0.001176
0.001617
0.001001
0.002001
0.001936
0.001643
0.002716
0.001636
0.001755
0.002816
0.00216
0.002722
0.001099
0.001089
0.001171
0.001605
0.001691
0.00337
0.003335
0.002787
0.001605
0.001612
0.001068
0.001063
0.001602
0.001207
0.001615
0.003204
0.00107
0.001609
0.001084
0.001612
0.002177
0.001625
0.002688
0.001001
0.002002
0.003001
0.001002
0.003
0.001
0.001
0.001001
0.002998
0.001003
0.001
0.002999
0.003999
0.003
0.003001
0.002
0.003361
0.002962
0.002709
0.0027
0.003816
0.004892
0.004329
0.005935
0.006473
0.00755
0.008721
0.009175
0.009746
0.008676
0.008127
0.009287
0.009819
0.010351
0.009741
0.010819
0.008674
0.009753
0.010337
0.011372
0.012411
0.011626
0.007011
0.008131
0.008761
0.01052
0.001602
0.001081
0.001076
0.001501
0.001099
0.001616
0.001438
0.002164
0.002717
0.003225
0.003221
0.001065
0.001094
0.001081
0.001285
0.001614
0.002163
0.00105
0.001052
0.001086
0.001073
0.001063
0.001897
0.001581
0.001602
0.002129
0.001631
0.001605
0.002142
0.002147
0.002166
0.001072
0.001151
0.001076
0.001373
0.001617
0.002717
0.002699
0.001608
0.001062
0.001078
0.001267
0.001071
0.001076
0.001076
0.001071
0.002144
0.001078
0.001056
0.001123
0.001072
0.001085
0.001615
0.00214
0.001342
0.001659
0.002734
0.001606
0.002653
0.001627
0.001605
0.00161
0.002682
0.001084
0.00144
0.003032
0.004183
0.004368
0.003797
0.002687
0.003769
0.003769
0.002726
0.003242
0.004303
0.004912
0.004332
0.006256
0.006774
0.007868
0.008974
0.010059
0.01057
0.009684
0.009151
0.010227
0.010225
0.01075
0.010761
0.011311
0.009687
0.010199
0.01153
0.012618
0.013156
0.012086
0.00661
0.007844
0.007747
0.008747
0.001474
0.001076
0.00107
0.001879
0.001089
0.001175
0.001937
0.002192
0.002656
0.00321
0.003208
0.001079
0.001104
0.001058
0.001067
0.001085
0.002134
0.001148
0.00107
0.001097
0.001084
0.00116
0.001614
0.001088
0.001079
0.002144
0.001616
0.001611
0.002138
0.002167
0.002178
0.001074
0.001096
0.001083
0.001093
0.001654
0.002718
0.002699
0.002152
0.001095
0.001623
0.001297
0.00109
0.001611
0.001318
0.001623
0.002705
0.001101
0.001091
0.001084
0.001074
0.001091
0.00108
0.002159
0.0018
0.002382
0.003455
0.001603
0.002874
0.002283
0.001601
0.001626
0.002163
0.001077
0.001623
0.002682
0.003878
0.00442
0.003832
0.002137
0.003227
0.004016
0.002755
0.003266
0.004388
0.005468
0.004887
0.006584
0.007145
0.008211
0.008747
0.009834
0.010329
0.010306
0.009134
0.010224
0.010198
0.011278
0.010726
0.011322
0.009713
0.010784
0.011872
0.012417
0.013455
0.012397
0.007009
0.007545
0.007502
0.008643
0.001689
0.001593
0.001604
0.002009
0.001637
0.00107
0.001344
0.002646
0.002746
0.003284
0.003237
0.001064
0.001106
0.001069
0.001543
0.001624
0.0027
0.00108
0.001113
0.001092
0.001068
0.001061
0.001154
0.001104
0.001082
0.002152
0.002135
0.001608
0.0028
0.002867
0.00338
0.00107
0.001088
0.001068
0.001077
0.001618
0.002677
0.003309
0.002708
0.001085
0.001633
0.001161
0.001066
0.001076
0.001071
0.001623
0.002667
0.001061
0.001079
0.00107
0.00106
0.001604
0.001064
0.001604
0.001389
0.002158
0.002697
0.001698
0.003301
0.0027
0.002158
0.001654
0.00218
0.001086
0.001872
0.003461
0.004538
0.005321
0.004404
0.003323
0.004377
0.004935
0.003772
0.004299
0.004861
0.005912
0.005912
0.006451
0.008081
0.009246
0.010322
0.010865
0.011401
0.011352
0.010337
0.010865
0.011908
0.012397
0.011814
0.011867
0.010827
0.011887
0.012959
0.013515
0.014069
0.013502
0.007513
0.008051
0.007534
0.008602
0.001367
0.00107
0.001063
0.000815
0.001104
0.001615
0.00191
0.002697
0.003796
0.003787
0.003771
0.001087
0.001089
0.001069
0.000855
0.00162
0.002775
0.001062
0.001057
0.001085
0.001145
0.001043
0.001608
0.002476
0.001998
0.003905
0.003293
0.00211
0.003299
0.00326
0.003779
0.001199
0.001633
0.001088
0.00261
0.002193
0.003791
0.004316
0.00323
0.002185
0.001175
0.001303
0.000559
0.001604
0.001083
0.00107
0.002191
0.001074
0.001069
0.001077
0.00106
0.001076
0.001081
0.001606
0.001529
0.002401
0.003462
0.001592
0.003178
0.002143
0.002159
0.001709
0.002762
0.001068
0.002036
0.003965
0.005024
0.00664
0.006206
0.004828
0.006469
0.006977
0.006428
0.007034
0.00701
0.008591
0.008034
0.009183
0.010276
0.011351
0.012424
0.013452
0.014477
0.014542
0.012974
0.013528
0.014064
0.015162
0.014519
0.014557
0.014035
0.015126
0.01566
0.016199
0.016723
0.016196
0.010253
0.010783
0.010757
0.011287
0.001083
0.001083
0.001071
0.001667
0.001079
0.001134
0.001614
0.002159
0.003817
0.003282
0.004307
0.001076
0.001079
0.001578
0.001057
0.001083
0.002162
0.001057
0.00111
0.001191
0.001067
0.001205
0.002144
0.001076
0.001092
0.002167
0.002157
0.001627
0.002738
0.001671
0.001649
0.001096
0.001069
0.001152
0.001091
0.001628
0.0027
0.003263
0.002721
0.001624
0.001072
0.001632
0.001375
0.001728
0.00153
0.00164
0.002702
0.001663
0.001617
0.001074
0.00108
0.001099
0.001105
0.002161
0.001629
0.002713
0.003251
0.001692
0.003303
0.003221
0.002706
0.001631
0.00327
0.001069
0.000997
0.002001
0.003
0.005001
0.005
0.004
0.004999
0.004999
0.003999
0.005002
0.005003
0.007001
0.007
0.008001
0.010002
0.011002
0.012
0.012
0.012999
0.013
0.012002
0.013001
0.012999
0.014
0.013999
0.013999
0.013
0.014
0.014998
0.014999
0.015998
0.014999
0.009
0.009
0.010002
0.01
0.001588
0.001611
0.001624
0.000789
0.001608
0.001312
0.00192
0.002672
0.003753
0.003734
0.004789
0.001624
0.001082
0.001075
0.001115
0.001075
0.00326
0.002735
0.003807
0.003785
0.001082
0.001064
0.00161
0.001088
0.00161
0.002674
0.002689
0.001599
0.002726
0.002126
0.00161
0.001073
0.001088
0.001076
0.00109
0.001176
0.002794
0.00331
0.002681
0.001085
0.00117
0.001322
0.001095
0.001077
0.001061
0.001622
0.003141
0.001632
0.001637
0.00164
0.001945
0.001939
0.001651
0.002703
0.001637
0.003233
0.003941
0.00162
0.002689
0.002845
0.002332
0.001619
0.003215
0.00109
0.001082
0.002245
0.002761
0.003756
0.005334
0.003204
0.004787
0.004813
0.004291
0.004856
0.004839
0.006467
0.006487
0.006984
0.007547
0.008609
0.010245
0.011314
0.011319
0.011318
0.010262
0.011331
0.011947
0.012475
0.012455
0.012415
0.010273
0.011863
0.012499
0.013026
0.013539
0.012932
0.006895
0.007839
0.008269
0.008137
0.001432
0.001606
0.001607
0.001287
0.001074
0.001084
0.001344
0.002256
0.003848
0.004316
0.004871
0.002164
0.001084
0.001074
0.001264
0.001056
0.002184
0.00108
0.001083
0.001115
0.001076
0.001135
0.001711
0.001074
0.001078
0.002175
0.002178
0.001629
0.002357
0.001929
0.001734
0.001149
0.001093
0.001083
0.001316
0.001059
0.002197
0.003287
0.002683
0.001619
0.001089
0.001158
0.001064
0.001075
0.001069
0.001586
0.002672
0.001129
0.001078
0.001067
0.00108
0.001097
0.001074
0.002143
0.001871
0.003443
0.003931
0.001599
0.002683
0.003231
0.00268
0.00109
0.002683
0.001063
0.001578
0.002405
0.003215
0.004336
0.005565
0.004166
0.006753
0.006806
0.005758
0.005715
0.006822
0.009125
0.009246
0.00891
0.011249
0.011899
0.012458
0.014459
0.013986
0.014981
0.014899
0.015707
0.017828
0.019016
0.018856
0.019327
0.016994
0.018057
0.019163
0.018747
0.019007
0.020525
0.015674
0.015059
0.016961
0.016857
0.001423
0.001642
0.001678
0.001693
0.001703
0.001072
0.001871
0.002207
0.003274
0.004333
0.004878
0.002197
0.001093
0.001737
0.001124
0.001613
0.002149
0.00107
0.001055
0.001087
0.001166
0.001078
0.002156
0.00108
0.001655
0.002699
0.002713
0.00168
0.00275
0.002228
0.002238
0.001058
0.001084
0.001077
0.0013
0.001103
0.002194
0.003277
0.002644
0.001095
0.001054
0.001224
0.001087
0.001069
0.00108
0.00162
0.002685
0.001066
0.001174
0.001075
0.001075
0.001078
0.001074
0.002161
0.002048
0.003163
0.004767
0.001048
0.002131
0.002694
0.002267
0.001091
0.002889
0.001431
0.00158
0.002683
0.003228
0.004299
0.004824
0.002138
0.002723
0.003808
0.003194
0.004293
0.0043
0.004836
0.005393
0.005387
0.007024
0.007537
0.009218
0.010305
0.01033
0.010858
0.010287
0.01082
0.011372
0.012967
0.01242
0.011264
0.00964
0.010775
0.010841
0.011377
0.012449
0.012974
0.008658
0.008111
0.009183
0.009646
0.001923
0.00298
0.002269
0.001965
0.002618
0.002209
0.001001
0.002
0.002998
0.004
0.005
0.001999
0.001001
0.000998
0.000999
0.000999
0.002002
0.001002
0.000999
0.001003
0.001001
0.001126
0.002728
0.001076
0.001616
0.002677
0.0027
0.001633
0.002693
0.001612
0.002157
0.001085
0.001065
0.001102
0.001077
0.001593
0.002741
0.003817
0.002707
0.001623
0.001068
0.001395
0.001084
0.001585
0.001069
0.001617
0.00213
0.00107
0.001091
0.001074
0.001098
0.001082
0.001071
0.002145
0.002127
0.003205
0.004822
0.001641
0.00268
0.002691
0.002166
0.001082
0.002728
0.001402
0.001581
0.002691
0.003748
0.004339
0.004874
0.002206
0.003277
0.00378
0.002702
0.004305
0.004835
0.004873
0.004879
0.005446
0.007049
0.008112
0.009675
0.01073
0.010704
0.011735
0.010625
0.012239
0.012244
0.013823
0.013393
0.01288
0.010764
0.011302
0.011856
0.011877
0.012907
0.013454
0.009116
0.008599
0.009643
0.010172
0.001361
0.001083
0.001141
0.001876
0.002221
0.001065
0.001343
0.0027
0.003772
0.004809
0.005426
0.00272
0.001622
0.001614
0.001194
0.00107
0.001644
0.001071
0.001066
0.001609
0.001077
0.001071
0.002154
0.00108
0.001067
0.002714
0.002697
0.00163
0.002756
0.002228
0.002188
0.001083
0.001068
0.001079
0.001071
0.00106
0.00214
0.003218
0.002143
0.001083
0.001081
0.001328
0.001082
0.001594
0.001078
0.00163
0.002721
0.001074
0.001106
0.001047
0.001068
0.001082
0.001609
0.002696
0.00186
0.003484
0.005131
0.001618
0.002712
0.002759
0.002803
0.001072
0.002683
0.001294
0.001584
0.003275
0.003818
0.004333
0.005398
0.002647
0.003254
0.00433
0.003206
0.004296
0.004816
0.005393
0.005936
0.005899
0.006995
0.008598
0.009119
0.010864
0.010862
0.011935
0.010308
0.011368
0.011908
0.013513
0.012974
0.0119
0.009656
0.010741
0.01133
0.011889
0.01296
0.013508
0.00866
0.008129
0.009735
0.009646
0.00135
0.001169
0.001684
0.001841
0.002152
0.00108
0.001747
0.003189
0.004274
0.005365
0.005886
0.004412
0.002258
0.001681
0.001225
0.001072
0.001622
0.001172
0.001067
0.001621
0.00161
0.001081
0.002157
0.001065
0.001633
0.002729
0.002696
0.001612
0.002689
0.002157
0.002697
0.001072
0.001094
0.001094
0.001292
0.001094
0.002257
0.003854
0.002717
0.001642
0.00109
0.001325
0.001098
0.001605
0.001083
0.001061
0.002177
0.001085
0.002469
0.001888
0.001619
0.002157
0.001862
0.003579
0.001741
0.003369
0.004516
0.001074
0.002151
0.002172
0.002165
0.001619
0.003789
0.001067
0.00164
0.002762
0.003802
0.004329
0.005364
0.002188
0.00326
0.003807
0.003299
0.00435
0.004365
0.005449
0.00591
0.006459
0.006991
0.008068
0.00909
0.010158
0.01072
0.011805
0.010738
0.011838
0.012414
0.014023
0.014032
0.012452
0.010896
0.01196
0.011964
0.01245
0.013535
0.014079
0.00924
0.009181
0.010266
0.010266
0.000827
0.001635
0.001604
0.001297
0.001647
0.001096
0.001888
0.00274
0.003808
0.004872
0.005392
0.004274
0.001604
0.001085
0.001283
0.001094
0.001625
0.001078
0.001097
0.001679
0.001089
0.001069
0.002687
0.001141
0.001088
0.00271
0.002165
0.001163
0.002878
0.002668
0.002712
0.001073
0.001091
0.001103
0.001593
0.001087
0.002192
0.003288
0.001093
0.00113
0.001604
0.001313
0.00108
0.001599
0.001151
0.001626
0.002172
0.001084
0.001609
0.001063
0.001083
0.001089
0.00105
0.001633
0.001701
0.002472
0.004076
0.001704
0.002227
0.003237
0.002142
0.001084
0.002687
0.000818
0.00159
0.002706
0.00425
0.005356
0.006312
0.003727
0.004821
0.005899
0.004898
0.005922
0.006795
0.006536
0.009242
0.008767
0.008813
0.009546
0.010623
0.013076
0.014553
0.013859
0.014811
0.015838
0.016504
0.018102
0.019168
0.018048
0.015312
0.015903
0.01653
0.017115
0.017251
0.018875
0.014713
0.014114
0.016113
0.016564
0.001776
0.00169
0.001615
0.001301
0.001138
0.00109
0.001799
0.002702
0.003233
0.003757
0.005365
0.003747
0.001597
0.001085
0.001142
0.001072
0.001608
0.001145
0.001087
0.002143
0.001071
0.001604
0.002138
0.001089
0.001091
0.003798
0.008643
0.002199
0.004087
0.002961
0.003209
0.00108
0.001078
0.001069
0.001067
0.001075
0.002781
0.00387
0.001611
0.001592
0.001077
0.000779
0.00109
0.001084
0.00107
0.001077
0.001615
0.001067
0.001141
0.001073
0.001078
0.001078
0.001609
0.001612
0.001606
0.001839
0.002912
0.001072
0.002143
0.003219
0.002135
0.001113
0.00276
0.001284
0.001626
0.003321
0.00384
0.004908
0.005418
0.002137
0.002144
0.003221
0.002691
0.003193
0.003184
0.004239
0.004865
0.005405
0.002133
0.003204
0.005345
0.005973
0.005964
0.007021
0.007031
0.008098
0.008625
0.010471
0.01043
0.012916
0.011315
0.010155
0.011565
0.012188
0.012757
0.014362
0.011969
0.011927
0.012927
0.014926
0.001908
0.001643
0.001095
0.00128
0.001614
0.001071
0.001596
0.002679
0.003755
0.00488
0.005401
0.004897
0.002161
0.00123
0.00124
0.001066
0.001073
0.001584
0.001098
0.001626
0.001079
0.001094
0.002172
0.001091
0.001704
0.002772
0.001064
0.001081
0.002648
0.002832
0.00281
0.0011
0.001051
0.001065
0.001354
0.001075
0.002184
0.002736
0.00111
0.001588
0.001073
0.001639
0.00175
0.001085
0.001073
0.001258
0.001645
0.001063
0.001138
0.001074
0.00054
0.001068
0.001614
0.002159
0.001671
0.002453
0.003535
0.001591
0.002157
0.003233
0.002223
0.001077
0.002683
0.001286
0.001663
0.003288
0.003281
0.004872
0.005376
0.002144
0.002209
0.003269
0.002666
0.003201
0.00322
0.003761
0.004295
0.004798
0.002155
0.002677
0.004263
0.005382
0.005957
0.006485
0.007022
0.00758
0.008655
0.009199
0.010273
0.011335
0.009149
0.008689
0.009798
0.009182
0.010286
0.011359
0.008699
0.008119
0.008671
0.009742
0.001044
0.001133
0.001091
0.001074
0.001094
0.001071
0.001701
0.003302
0.004922
0.004852
0.005874
0.005486
0.003041
0.002026
0.001838
0.00058
0.001493
0.002167
0.001541
0.001818
0.001092
0.002175
0.00325
0.002111
0.001786
0.0035
0.001626
0.001615
0.003257
0.003251
0.003304
0.00162
0.000566
0.001097
0.001293
0.001085
0.00221
0.003265
0.001608
0.001614
0.001091
0.001302
0.002139
0.001614
0.001065
0.001076
0.002163
0.001084
0.001066
0.001606
0.001091
0.00108
0.001694
0.002214
0.001631
0.002197
0.00325
0.00108
0.002143
0.003224
0.002154
0.001601
0.003221
0.001064
0.002173
0.003803
0.004357
0.005426
0.006533
0.003825
0.004465
0.005552
0.005549
0.005465
0.00541
0.005939
0.006484
0.007507
0.004272
0.005321
0.006485
0.007666
0.008219
0.008737
0.009303
0.010389
0.011466
0.012007
0.01195
0.01353
0.012439
0.011403
0.012484
0.011918
0.011903
0.013348
0.010075
0.009441
0.009911
0.010291
0.001414
0.002175
0.001096
0.000784
0.001091
0.001086
0.002168
0.003781
0.004833
0.005352
0.006449
0.006441
0.003775
0.001108
0.000773
0.001099
0.001131
0.001081
0.001099
0.001086
0.001689
0.001077
0.002658
0.001091
0.001086
0.001666
0.001058
0.00218
0.004084
0.003528
0.004706
0.003363
0.002586
0.00172
0.00167
0.00166
0.00328
0.004904
0.002784
0.002663
0.001071
0.001088
0.002173
0.001625
0.001068
0.001055
0.001092
0.001084
0.001094
0.001081
0.001078
0.001066
0.001604
0.002129
0.001727
0.00252
0.003673
0.001629
0.002167
0.003253
0.002153
0.001104
0.002714
0.001281
0.00161
0.002728
0.003257
0.004298
0.005873
0.002634
0.003173
0.003747
0.003242
0.004001
0.003447
0.003978
0.005036
0.005539
0.002657
0.003185
0.004268
0.005347
0.006462
0.007587
0.007619
0.00814
0.008674
0.009215
0.009746
0.010274
0.010277
0.009661
0.01019
0.010193
0.010634
0.010565
0.007272
0.008216
0.008695
0.00862
0.001431
0.001677
0.001071
0.001316
0.001093
0.001078
0.002555
0.002726
0.005237
0.006307
0.007389
0.008966
0.005549
0.002163
0.001048
0.001597
0.001073
0.001061
0.001076
0.001621
0.001078
0.001134
0.002739
0.001076
0.001094
0.001659
0.001076
0.001096
0.002708
0.002336
0.002351
0.001046
0.001091
0.001178
0.001062
0.001213
0.002816
0.003905
0.002244
0.002169
0.001626
0.001851
0.002954
0.001786
0.001762
0.001519
0.002
0.000999
0.001
0.001
0.001
0.001001
0.000999
0.002
0.001825
0.002695
0.003775
0.001624
0.002708
0.003782
0.002662
0.001066
0.002679
0.001353
0.00162
0.002715
0.002717
0.004272
0.005436
0.002679
0.003211
0.003223
0.005405
0.010757
0.01398
0.014504
0.015584
0.016645
0.013439
0.013953
0.015043
0.015576
0.015582
0.017182
0.017186
0.018207
0.01827
0.018801
0.018794
0.019337
0.019322
0.018253
0.018796
0.018823
0.019437
0.019439
0.016084
0.016013
0.017486
0.017406
0.001512
0.002283
0.001088
0.001299
0.00108
0.001062
0.001767
0.003383
0.005007
0.006153
0.007045
0.008845
0.006546
0.002678
0.001072
0.001622
0.001069
0.001079
0.001064
0.001096
0.001618
0.001415
0.002479
0.001098
0.001062
0.001632
0.00115
0.0016
0.003203
0.002825
0.002838
0.001064
0.001097
0.001071
0.00107
0.001089
0.002696
0.003772
0.002159
0.002174
0.001123
0.001645
0.00217
0.001066
0.001045
0.000736
0.001064
0.001093
0.001619
0.00221
0.001308
0.001678
0.0022
0.002989
0.001715
0.003327
0.003936
0.001651
0.002713
0.004322
0.003201
0.001073
0.002694
0.001222
0.001606
0.003229
0.00325
0.00375
0.004836
0.002696
0.003223
0.00376
0.003731
0.003809
0.003263
0.002679
0.002666
0.004274
0.00214
0.001075
0.001075
0.002656
0.004346
0.00554
0.006605
0.008195
0.009298
0.009335
0.011461
0.011462
0.010921
0.010779
0.011324
0.011375
0.012448
0.012441
0.009213
0.009745
0.009729
0.010209
0.001602
0.002411
0.001169
0.001285
0.001655
0.001067
0.002264
0.003288
0.004364
0.005962
0.007051
0.007598
0.008142
0.004335
0.001067
0.001616
0.001075
0.001083
0.001054
0.001588
0.001586
0.001085
0.002149
0.00113
0.001076
0.001626
0.001612
0.001151
0.00221
0.002174
0.002178
0.00106
0.000533
0.001062
0.001609
0.001072
0.002697
0.003794
0.001621
0.002264
0.001077
0.001959
0.002143
0.001064
0.001073
0.001242
0.00116
0.001087
0.00163
0.001929
0.001613
0.002489
0.001795
0.003138
0.00167
0.002768
0.004362
0.0011
0.00221
0.003804
0.003288
0.001661
0.003243
0.001059
0.001609
0.002686
0.003217
0.003735
0.005363
0.003243
0.003771
0.004294
0.004324
0.004338
0.003749
0.003208
0.003752
0.00481
0.002693
0.001661
0.00106
0.002125
0.003779
0.004334
0.006068
0.006596
0.007667
0.008203
0.009262
0.010367
0.010833
0.010739
0.011843
0.011296
0.011829
0.0129
0.009123
0.009654
0.010198
0.010732
0.002247
0.00323
0.001076
0.001067
0.001083
0.001147
0.001377
0.00288
0.003951
0.004483
0.005545
0.00721
0.00814
0.00438
0.001606
0.001611
0.002964
0.003629
0.0024
0.003008
0.002273
0.001956
0.003731
0.002866
0.002703
0.003223
0.001627
0.00216
0.003147
0.003598
0.003676
0.00163
0.001619
0.001068
0.001081
0.00164
0.002718
0.003801
0.002146
0.001626
0.001062
0.000999
0.002
0.001002
0.001625
0.001266
0.001082
0.001618
0.001069
0.001143
0.001057
0.001086
0.001605
0.002148
0.001964
0.003046
0.004632
0.00218
0.002772
0.003861
0.003808
0.001133
0.002735
0.001312
0.002163
0.003788
0.00432
0.004877
0.006447
0.004811
0.005377
0.005926
0.005961
0.006544
0.006
0.005429
0.004827
0.005879
0.004798
0.003195
0.002664
0.00482
0.005927
0.007065
0.008128
0.008143
0.00921
0.009741
0.010781
0.011863
0.012952
0.012383
0.01285
0.01287
0.013463
0.014009
0.010786
0.011307
0.010691
0.011703
0.001559
0.00296
0.001066
0.001293
0.001074
0.00158
0.00132
0.002269
0.003344
0.003914
0.004447
0.006068
0.006486
0.00436
0.001131
0.001605
0.001071
0.002156
0.001052
0.001079
0.00108
0.001079
0.002161
0.001084
0.001075
0.00108
0.001113
0.001072
0.002181
0.002297
0.002282
0.001066
0.001087
0.001085
0.001883
0.001784
0.002829
0.004236
0.003365
0.003185
0.00165
0.001616
0.003327
0.002168
0.001602
0.001577
0.001098
0.001076
0.001127
0.001122
0.001072
0.001084
0.00108
0.002178
0.001638
0.005903
0.011364
0.012933
0.012947
0.013472
0.014405
0.007628
0.008161
0.004128
0.001606
0.003225
0.003765
0.004304
0.005368
0.003768
0.004854
0.004838
0.00488
0.005388
0.004941
0.003806
0.003766
0.004293
0.003732
0.002112
0.001626
0.002791
0.003884
0.005097
0.006178
0.006074
0.007132
0.008176
0.008709
0.009242
0.010851
0.010729
0.011279
0.011316
0.011852
0.011859
0.009037
0.009503
0.008823
0.00983
0.001527
0.002953
0.001065
0.001313
0.001069
0.00105
0.001299
0.002152
0.002691
0.003764
0.004295
0.005366
0.006441
0.003745
0.001067
0.001658
0.00164
0.002714
0.001593
0.001094
0.002676
0.003759
0.004832
0.003763
0.003231
0.003323
0.002402
0.001078
0.002186
0.002181
0.002171
0.001133
0.001072
0.00111
0.001614
0.001072
0.002147
0.003836
0.003336
0.002209
0.001161
0.001799
0.003417
0.001099
0.001639
0.002529
0.002977
0.002321
0.001679
0.001641
0.001645
0.001613
0.001655
0.002896
0.001
0.002007
0.004001
0.004003
0.003998
0.004999
0.004999
0.001
0.001
0.001001
0.002001
0.003
0.004
0.004998
0.005
0.004
0.005
0.005
0.005
0.005
0.005001
0.004001
0.004
0.004999
0.003
0.003
0.001999
0.002001
0.004003
0.005002
0.006
0.006
0.008
0.007997
0.007999
0.008999
0.010999
0.01
0.012001
0.010999
0.011999
0.011994
0.007999
0.008999
0.009001
0.01
0.001766
0.002469
0.001057
0.001294
0.001079
0.001583
0.001379
0.001604
0.002714
0.00325
0.004301
0.005401
0.005917
0.003758
0.001076
0.001614
0.001
0.002798
0.001066
0.001085
0.001082
0.000774
0.00106
0.001614
0.00107
0.001083
0.001068
0.001595
0.003179
0.003283
0.002762
0.001069
0.001098
0.001131
0.00107
0.001094
0.00224
0.00384
0.003261
0.002182
0.001058
0.001629
0.002704
0.00107
0.001125
0.000703
0.001128
0.002332
0.001625
0.001628
0.001812
0.001634
0.001618
0.002712
0.002498
0.003927
0.005543
0.006046
0.004884
0.005933
0.006489
0.001075
0.002145
0.001295
0.002177
0.003262
0.004831
0.006473
0.006415
0.004328
0.005936
0.006458
0.005912
0.006444
0.005908
0.0054
0.004884
0.005425
0.003879
0.003883
0.003341
0.003748
0.00491
0.00596
0.006574
0.007326
0.008396
0.009451
0.009375
0.010418
0.011511
0.011541
0.012058
0.012011
0.013069
0.014039
0.010249
0.010778
0.010229
0.011304
0.001657
0.00245
0.001065
0.001435
0.001098
0.001601
0.001319
0.002102
0.00276
0.003862
0.004951
0.006018
0.006583
0.004882
0.001467
0.003069
0.001618
0.003196
0.001145
0.001618
0.00108
0.000745
0.001112
0.001622
0.001105
0.001626
0.001065
0.00159
0.002697
0.003336
0.00274
0.001108
0.001623
0.001083
0.00126
0.001095
0.002245
0.00383
0.003917
0.003273
0.001056
0.00163
0.002681
0.001071
0.001164
0.000729
0.001083
0.001068
0.001069
0.00161
0.001069
0.001083
0.001065
0.002155
0.002006
0.00344
0.005103
0.005525
0.005457
0.006007
0.006548
0.001076
0.002153
0.001883
0.002235
0.003839
0.004937
0.006549
0.007069
0.00537
0.006455
0.008074
0.007519
0.008085
0.007499
0.006961
0.005884
0.006952
0.005855
0.005398
0.004876
0.005968
0.00757
0.008649
0.009278
0.008203
0.009803
0.010321
0.010863
0.012509
0.013584
0.013596
0.015032
0.015104
0.016607
0.017701
0.014358
0.015814
0.01618
0.017192
