0.001702
0.002815
0.002329
0.00361
0.002476
0.001948
0.002514
0.002018
0.001035
0.002323
0.002403
0.002333
0.002032
0.002152
0.00205
0.002113
0.001888
0.001841
0.001896
0.002017
0.00228
0.002025
0.035267
0.002075
0.002332
0.002638
0.002758
0.002033
0.002696
0.003151
0.002096
0.003498
0.002044
0.001886
0.004051
0.002114
0.00248
0.003009
0.002824
0.002101
0.002518
0.002638
0.001889
0.001906
0.003007
0.002592
0.002319
0.005719
0.002646
0.00239
0.002702
0.002132
0.002069
0.002376
0.002024
0.001088
0.002116
0.001868
0.002111
0.002273
0.002255
0.001773
0.001952
0.00205
0.00199
0.002105
0.002397
0.001941
0.002001
0.002174
0.002173
0.002138
0.002574
0.001956
0.001995
0.00238
0.002287
0.001897
0.002432
0.001893
0.002073
0.001857
0.002071
0.002048
0.002184
0.002434
0.002137
0.002167
0.002487
0.00206
0.002108
0.002151
0.001939
0.00218
0.001996
0.001937
0.02607
0.003593
0.002161
0.001938
0.002732
0.001959
0.002107
0.002675
0.002097
0.001998
0.002049
0.002214
0.002977
0.002674
0.002153
0.002088
0.001877
0.002013
0.00195
0.002164
0.002705
0.002039
0.002521
0.002353
0.002268
0.002034
0.001815
0.001913
0.002649
0.002466
0.001913
0.00292
0.002017
0.002579
0.002112
0.001942
0.002664
0.001951
0.003413
0.002153
0.002596
0.00194
0.001884
0.001775
0.002901
0.002038
0.001897
0.002668
0.002303
0.002238
0.00266
0.001974
0.002195
0.002529
0.002555
0.002241
0.002198
0.002834
0.002169
0.0027
0.002571
0.002189
0.002029
0.002084
0.00221
0.002016
0.002493
0.001843
0.006327
0.002711
0.002826
0.002853
0.002038
0.001864
0.00209
0.002538
0.003069
0.002244
0.001996
0.001886
0.002576
0.002085
0.002075
0.002601
0.002629
0.002754
