0.02837
0.051842
0.009939
0.022979
0.083574
0.048115
0.039588
0.042941
0.048218
0.052219
0.060474
0.056262
0.074004
0.082034
0.071729
0.056518
0.071279
0.086855
0.088853
0.069375
0.030514
0.026867
0.016337
0.057734
0.052868
0.051689
0.069699
0.068046
0.071789
0.099643
0.099454
0.082215
0.069862
0.077267
0.065022
0.023129
0.02637
0.031033
0.025441
0.034121
0.051797
0.044199
0.013997
0.190879
0.092464
0.136409
0.042144
0.075718
0.085326
0.15257
0.127807
0.20786
0.321453
0.279226
0.23795
0.24899
0.146938
0.023773
0.013997
0.092893
0.092671
0.150282
0.210888
0.214889
0.246044
0.276637
0.306517
0.284872
0.303119
0.32703
0.31973
0.323702
0.234114
0.20965
0.120547
0.13183
0.148624
0.140736
0.183023
0.279082
0.276926
0.279336
0.268772
0.291212
0.285711
0.319417
0.356217
0.381254
0.457804
0.284951
0.31118
0.258255
0.274214
0.19732
0.226894
0.039265
0.034643
0.048067
0.079443
0.106337
0.097314
0.079942
0.095212
0.100227
0.078345
0.052366
0.090137
0.119192
0.070582
0.08786
0.079397
0.125212
0.12842
0.134291
0.161941
0.13065
0.163125
0.200662
0.138417
0.165107
0.174886
0.17744
0.197567
0.095472
0.137186
0.164801
0.125775
0.140584
0.134714
0.148979
0.15498
0.203826
0.173589
0.197097
0.191926
0.232139
0.181607
0.220711
0.22757
0.244309
0.246765
0.266841
0.273841
0.267737
0.262812
0.266745
0.230578
0.216824
0.194328
0.15613
0.138118
0.167113
0.174121
0.176103
0.053996
0.05212
0.094428
0.158511
0.163506
0.301511
0.334564
0.335808
0.410331
0.460613
0.507397
0.525587
0.557973
0.685452
0.737732
0.763868
0.789866
0.797865
0.827786
0.834865
0.865942
0.800436
0.785819
0.910717
0.922718
0.947057
0.956764
0.969941
0.895745
0.960542
0.998349
1.016203
0.996171
0.966053
0.965925
0.989604
1.006983
0.995988
1.002122
0.922203
0.937839
0.959267
0.860301
0.812012
0.77759
0.785852
0.804678
0.838225
0.833536
0.86721
0.845574
0.794876
0.63222
0.626715
0.643713
0.6233
0.637745
0.640264
0.600511
0.609566
0.597328
0.623957
0.606393
0.59727
0.600024
0.617889
0.62612
0.643668
0.604541
0.645005
0.702936
0.806291
0.776743
0.792146
0.785881
0.805949
0.803128
0.801336
0.787519
0.78846
0.774887
0.777417
0.720845
0.717433
0.728595
0.68809
0.697096
0.668511
0.654564
0.628911
0.633903
0.63539
0.649054
0.643061
0.644062
0.571753
0.610164
0.62423
0.614482
0.585867
0.613024
0.612967
0.647663
0.589703
0.565016
0.571329
0.613439
0.603442
0.628974
0.65797
0.600327
0.634206
0.600881
0.609263
0.490292
0.495012
0.512012
0.526921
0.543295
0.545281
0.552283
0.50283
0.525572
0.527747
0.514752
0.507724
0.506652
0.523836
0.536838
0.523035
0.539901
0.569977
0.57297
0.536567
0.539492
0.535412
0.547254
0.557333
0.55835
0.585443
0.573445
0.580514
0.551781
0.558646
0.554731
0.483414
0.511953
0.498645
0.467158
0.481383
0.41474
0.425741
0.411202
0.388191
0.399922
0.429685
0.416968
0.377094
0.364651
0.367306
0.360406
0.366907
0.34121
0.321656
0.235894
0.246683
0.277185
0.25933
0.235444
0.267384
0.220792
0.237614
0.307763
0.246639
0.272192
0.226975
0.260547
0.235619
0.22513
0.231095
0.24479
0.203059
0.170567
0.18163
0.200672
0.178707
0.170901
0.179098
0.180096
0.1931
0.189006
0.137265
0.112369
0.093792
0.094081
0.050554
0.054541
0.103268
0.03524
0.026189
0.01901
0.045457
0.087617
0.034632
0.041218
0.051143
0.050619
0.064139
0.05961
0.067611
0.09275
0.080916
0.064677
0.014692
0.020532
0.034588
0.056303
0.028076
0.051405
0.05964
0.031696
0.038642
0.00943
0.077726
0.092546
0.037809
0.043267
0.061045
0.10777
0.037576
0.028198
0.064534
0.01896
0.022877
0.04183
0.058663
0.044822
0.038229
0.093123
0.099074
0.06546
0.112748
0.116604
0.119211
0.142289
0.156827
0.136067
0.093796
0.095853
0.113072
0.040848
0.066903
0.042196
0.055198
0.080601
0.075971
0.085972
0.075551
0.061038
0.084902
0.126882
0.10788
0.102382
0.083157
0.084641
0.19587
0.082491
0.12363
0.10682
0.123954
0.092887
0.051919
0.025653
0.053964
0.029857
0.008
0.0846
0.131115
0.060299
0.178451
0.062218
0.146793
0.102253
0.102248
0.074774
0.064127
0.072497
0.109466
0.167463
0.137235
0.163801
0.180851
0.254679
0.203048
0.234325
0.259207
0.265284
0.264972
0.300953
0.279773
0.29392
0.312919
0.347921
0.334206
0.336451
0.402553
0.436058
0.413248
0.415207
0.417177
0.494787
0.421731
0.382039
0.39424
0.415375
0.42281
0.481207
0.456301
0.459108
0.506957
0.511393
0.397295
0.420667
0.404115
0.436661
0.443475
0.507266
0.499489
0.502261
0.555022
0.52235
0.509686
0.529315
0.538284
0.485438
0.512912
0.554717
0.503343
0.512811
0.464089
0.445662
0.470652
0.434902
0.403486
0.419725
0.462078
0.370062
0.425315
0.419376
0.434355
0.464633
0.459161
0.453521
0.456115
0.481172
0.469519
0.465835
0.399539
0.381194
0.377575
0.385572
0.308357
0.302948
0.303928
0.335285
0.333299
0.311618
0.330488
0.342405
0.339124
0.284307
0.279305
0.279295
0.279822
0.279821
0.276822
0.290831
0.273833
0.186066
0.150734
0.162266
0.249926
0.168268
0.1372
0.164035
0.042488
0.043274
0.068474
0.062758
0.052207
0.034347
0.010802
0.088807
0.039806
0.049042
0.049958
0.097082
0.102729
0.136043
0.133219
0.162656
0.196661
0.287738
0.29099
0.268721
0.267069
0.284945
0.309253
0.322966
0.379832
0.402824
0.455546
0.454169
0.462691
0.488701
0.51588
0.497951
0.496954
0.449499
0.448344
0.451358
0.430356
0.460356
0.393376
0.368802
0.264567
0.286257
0.242492
0.272519
0.187396
0.211908
0.214894
0.200881
0.218136
0.198646
0.194216
0.178687
0.162215
0.216812
0.237187
0.207297
0.242566
0.263663
0.244662
0.220698
0.165939
0.159473
0.158488
0.187997
0.127586
0.044844
0.088878
0.022195
0.039755
0.059635
0.105483
0.080742
0.092743
0.088741
0.128944
0.126842
0.142467
0.160189
0.131461
0.072978
0.136692
0.074989
0.094564
0.104773
0.10431
0.042547
0.067306
0.052718
0.07788
0.075432
0.072416
0.086726
0.040737
0.069614
0.039584
0.06791
0.044976
0.059075
0.070754
0.05788
0.039546
0.03319
0.026773
0.056261
0.055556
0.075102
0.046058
0.046104
0.077675
0.064839
0.041487
0.029707
0.047797
0.043796
0.026648
0.0358
0.019674
0.04288
0.035007
0.051045
0.027479
0.112994
0.059278
0.041842
0.031715
0.055293
0.054824
0.052892
0.055781
0.039515
0.045623
0.061353
0.010266
0.043783
0.029159
0.198531
0.316454
0.336107
0.294952
0.233381
0.240378
0.183612
0.174403
0.168401
0.147402
0.12977
0.14066
0.106649
0.127197
0.108694
0.085338
0.118019
0.111854
0.070791
0.091951
0.133137
0.175449
0.223654
0.234374
0.223858
0.155963
0.203599
0.16676
0.168967
0.122419
0.082687
0.04753
0.044009
0.066003
0.052003
0.066213
0.011731
0.030997
0.040902
0.019984
0.030504
0.076516
0.082289
0.087596
0.102916
0.190575
0.222291
0.253075
0.245665
0.253663
0.254671
0.266241
0.29251
0.29845
0.176412
0.182268
0.222679
0.3285
0.211051
0.30133
0.279285
0.399095
0.276857
0.302133
0.224253
0.236879
0.216726
0.255703
0.280305
0.26897
0.272971
0.243943
0.254793
0.249935
0.255433
0.256934
0.248753
0.246776
0.242831
0.258832
0.270791
0.334285
0.358287
0.347289
0.353292
0.364598
0.374589
0.370932
0.363469
0.341549
0.382255
0.422253
0.422584
0.40503
0.445229
0.451415
0.456554
0.53423
0.55075
0.573079
0.564285
0.555309
0.56185
0.573647
0.604275
0.602134
0.573229
0.586035
0.564178
0.611383
0.605518
0.591773
0.661982
0.674324
0.66369
0.707088
0.704692
0.709699
0.680161
0.696843
0.722854
0.723908
0.808683
0.742434
0.755429
0.761694
0.776365
0.780596
0.792551
0.804484
0.853361
0.815189
0.8288
0.835483
0.855369
0.819694
0.841339
0.837838
0.814469
0.820702
0.781234
0.775451
0.748598
0.695087
0.708575
0.684962
0.573149
0.578181
0.579884
0.500219
0.508464
0.486863
0.504885
0.492861
0.480451
0.523017
0.501401
0.486056
0.472135
0.494515
0.494612
0.469396
0.4734
0.500506
0.503826
0.547191
0.534963
0.541574
0.581779
0.56717
0.586883
0.601425
0.619697
0.603095
0.596887
0.624618
0.641528
0.669413
0.627024
0.621758
0.633539
0.595027
0.601554
0.624701
0.620622
0.644785
0.607202
0.612397
0.609234
0.618123
0.640841
0.654077
0.706953
0.674537
0.710442
0.703662
0.685837
0.678328
0.676023
0.663047
0.6643
0.64464
0.635632
0.65029
0.670272
0.658273
0.673174
0.606768
0.599796
0.577744
0.577395
0.584946
0.529952
0.540958
0.539945
0.546497
0.535908
0.529373
0.578665
0.589474
0.620263
0.518037
0.528441
0.526395
0.523362
0.414776
0.453976
0.43672
0.46744
0.464824
0.459614
0.465305
0.443257
0.434566
0.436984
0.449954
0.410999
0.438143
0.408646
0.474911
0.455284
0.438
0.487272
0.485554
0.554212
0.536971
0.454199
0.578988
0.486132
0.475374
0.479362
0.473365
0.474346
0.416205
0.36157
0.347161
0.275987
0.236664
0.280985
0.257988
0.304072
0.239666
0.234437
0.235452
0.243667
0.237457
0.192873
0.204873
0.192866
0.196868
0.250437
0.18498
0.178007
0.166589
0.205872
0.164042
0.166251
0.15971
0.205646
0.186003
0.207628
0.223349
0.241469
0.300774
0.114451
0.114526
0.150963
0.145953
0.165957
0.135934
0.095701
0.084599
0.098967
0.117913
0.122485
0.13302
0.14309
0.126524
0.142536
0.147535
0.14801
0.165705
0.15759
0.143289
0.192463
0.188801
0.14433
0.16628
0.176385
0.183624
0.171896
0.167702
0.13196
0.129998
0.145965
0.169453
0.151405
0.198927
0.176178
0.171873
0.182857
0.216363
0.250398
0.207443
0.232586
0.236341
0.223958
0.240727
0.260622
0.273096
0.228894
0.230733
0.246685
0.263521
0.261513
0.25313
0.281747
0.229658
0.247464
0.294245
0.247305
0.22637
0.236898
0.250693
0.165683
0.155916
0.161913
0.190619
0.20644
0.215439
0.125399
0.139603
0.116882
0.128556
0.117481
0.109469
0.132884
0.150228
0.16339
0.139755
0.134251
0.14554
0.164977
0.163129
0.130221
0.192629
0.137099
0.142799
0.068169
0.094137
0.092264
0.097611
0.050035
0.057453
0.094013
0.073058
0.039037
0.032035
0.069498
0.044008
0.069036
0.06803
0.060986
0.06705
0.059712
0.04466
0.005007
0.194717
0.038288
0.084833
0.064647
0.078639
0.06635
0.169221
0.086043
0.115742
0.071057
0.097069
0.092918
0.053709
0.043237
0.047283
0.033964
0.06221
0.053493
0.065016
0.045291
0.051078
0.092025
0.11948
0.119483
0.11933
0.116147
0.1354
0.170353
0.205454
0.211576
0.207203
0.245056
0.235551
0.25095
0.250414
0.284499
0.291605
0.257695
0.241105
0.256923
0.282932
0.258655
0.250234
0.2246
0.293118
0.278296
0.24659
0.286882
0.302032
0.235101
0.244082
0.262299
0.258642
0.255661
0.237051
0.21355
0.243355
0.308959
0.252545
0.227163
0.24745
0.221346
0.245062
0.221171
0.252558
0.265098
0.235446
0.241141
0.21002
0.197359
0.196296
0.173338
0.185788
0.203636
0.17087
0.120174
0.052052
0.097193
0.075059
0.088381
0.150184
0.098055
0.182934
0.173173
0.178737
0.196433
0.210561
0.176365
0.24633
0.203115
0.258625
0.281173
0.236986
0.250979
0.304369
0.250544
0.305573
0.258607
0.270928
0.334969
0.287806
0.27786
0.306647
0.361899
0.305363
0.389431
0.307381
0.319361
0.335372
0.313095
0.297332
0.317924
0.319181
0.314684
0.317683
0.329678
0.330652
0.334937
0.353319
0.353309
0.374564
0.370788
0.345
0.347252
0.371605
0.364048
0.371017
0.247904
0.24389
0.286961
0.263349
0.255169
0.256179
0.233802
0.22439
0.206387
0.203788
0.201257
0.228868
0.228601
0.239785
0.212502
0.20113
0.213097
0.229746
0.220432
0.191758
0.183652
0.196839
0.209256
0.195729
0.261263
0.244347
0.205783
0.213986
0.202784
0.211783
0.186509
0.13722
0.147251
0.124779
0.04781
0.068478
0.066838
0.052152
0.060515
0.068589
0.064204
0.074961
0.067102
0.060446
0.052915
0.064912
0.0683
0.076229
0.065188
0.060541
0.054824
0.058526
0.047492
0.029153
0.048442
0.04019
0.04986
0.052026
0.022252
0.062205
0.097904
0.060985
0.059408
0.094346
0.074064
0.086479
0.062785
0.069887
0.056003
0.127611
0.143042
0.162028
0.173068
0.136168
0.17543
0.145951
0.158496
0.203919
0.164809
0.123944
0.155812
0.157996
0.220336
0.195938
0.232921
0.262655
0.241614
0.260442
0.245936
0.206963
0.223006
0.171884
0.181488
0.193379
0.169504
0.190477
0.183354
0.134973
0.145322
0.153886
0.104849
0.124875
0.12482
0.136095
0.153483
0.103211
0.134587
0.11895
0.089599
0.048659
0.06081
0.048438
0.071871
0.032284
0.08503
0.082971
0.096468
0.088965
0.104159
0.170225
0.085582
0.107395
0.083011
0.05126
0.066159
0.027624
0.024586
0.043867
0.061185
0.091791
0.054344
0.047842
0.091412
0.058973
0.08548
0.081794
0.10079
0.07289
0.106343
0.079132
0.068076
0.022998
0.040648
0.027898
0.181353
0.085486
0.122614
0.102543
0.134743
0.185915
0.13537
0.092356
0.119686
0.115604
0.151672
0.149184
0.11502
0.131718
0.100943
0.100946
0.119174
0.098681
0.150988
0.250326
0.224503
0.259591
0.285928
0.26917
0.249753
0.271775
0.277697
0.282861
0.159105
0.120916
0.123265
0.135301
0.150673
0.115212
0.10485
0.135335
0.134642
0.183671
0.239322
0.236889
0.258766
0.203685
0.061434
0.168401
0.138961
0.266192
0.192924
0.28789
0.467639
0.467616
0.481063
0.342976
0.423744
0.505042
0.496853
0.323222
0.318429
0.179038
0.146562
0.326977
0.507652
0.203204
0.408784
0.470647
0.391805
0.228441
0.474576
0.364666
0.446954
0.214036
0.457401
0.475661
0.150364
0.041514
0.140162
0.053116
0.333317
0.520923
0.449697
0.45275
0.479815
0.321641
0.464873
0.529839
0.577756
0.216685
0.327102
0.275079
0.487884
0.140649
0.103714
0.064999
0.231312
0.177449
0.287934
0.329836
0.27201
0.326324
0.121455
0.188225
0.244789
0.11243
0.1115
0.317132
0.233864
0.255109
0.262284
0.302258
0.275632
0.291169
0.437007
0.228522
0.30251
0.237521
0.245518
0.238201
0.325586
0.322943
0.296114
0.24834
0.356919
0.301287
0.383874
0.350076
0.403007
0.440134
0.400978
0.399863
0.338122
0.437384
0.394113
0.417956
0.332778
0.336004
0.422875
0.441725
0.426906
0.358365
0.366947
0.392375
0.34379
0.400255
0.362543
0.425315
0.427337
0.409064
0.391118
0.464011
0.443678
0.455769
0.500772
0.434653
0.423465
0.404913
0.450085
0.501033
0.503174
0.47562
0.520481
0.478931
0.412233
0.501398
0.55568
0.491765
0.485836
0.504622
0.518188
0.53154
0.511634
0.610638
0.632903
0.696771
0.596116
0.567042
0.685343
0.692915
0.671419
0.714322
0.680373
0.805163
0.758106
0.756538
0.7764
0.719699
0.810107
0.710755
0.751447
0.756373
0.818474
0.778803
0.783418
0.759092
0.796985
0.704669
0.777679
0.871966
0.826505
0.826178
0.848358
0.833519
0.774456
0.800392
0.81814
0.801746
0.896659
0.831412
0.765122
0.806311
0.871083
0.749763
0.718062
0.666775
0.882007
0.857575
0.780648
0.640432
0.669406
0.820593
0.827359
0.845575
0.848548
0.691893
0.682639
0.687273
0.68325
0.730158
0.893125
0.744734
0.754438
0.744808
0.854588
0.777601
0.789861
0.821792
0.791233
0.820603
0.831193
0.82059
0.818376
0.853609
0.819013
0.742362
0.76436
0.765359
0.748216
0.716684
0.68133
0.64328
0.77289
0.70732
0.679793
0.675275
0.673272
0.680271
0.674263
0.687273
0.674705
0.67269
0.686705
0.689165
0.691101
0.70127
0.685107
0.706526
0.704371
0.718535
0.73406
0.713371
1.068272
1.011381
1.04597
1.014761
1.115087
1.135087
1.118386
1.143699
1.171699
1.16018
1.170516
1.175746
1.18984
1.164
1.086073
1.192268
1.154247
1.225843
1.151942
1.066022
1.208195
1.286232
1.106629
1.290233
1.296239
1.192654
1.231048
1.178073
1.266233
1.290669
1.267343
1.254194
1.301666
1.246181
1.185694
1.332239
1.244633
1.292688
1.329677
1.271144
1.232471
1.241511
1.348239
1.321572
1.200713
1.314705
1.287816
1.208779
1.683882
1.608912
1.723549
1.706132
1.706932
1.770864
1.721779
1.745997
1.762052
1.791677
1.723357
1.793793
1.79123
1.714755
1.745675
1.831138
1.81184
1.748207
1.734234
1.894189
1.891345
1.755025
1.760144
1.862077
1.83609
1.91339
1.912727
1.976548
1.851039
1.872932
1.925126
2.048479
2.109872
2.132903
2.220652
2.165618
2.107052
2.107732
2.13162
2.098677
1.983439
2.235362
2.128684
2.213993
2.268509
2.159575
2.140156
1.906257
2.300165
1.786212
2.244111
2.271659
2.280751
2.363696
2.216242
2.23707
2.303846
2.361285
2.19098
2.153387
1.935369
2.065704
2.35386
2.297383
2.022851
2.180793
2.335323
2.063559
2.399008
2.220115
2.334768
2.542555
2.500984
2.501606
2.464591
2.604645
2.561052
2.525769
2.553105
2.503862
2.603142
2.639298
2.520836
2.521265
2.76948
2.683614
2.710979
2.762958
2.785134
2.751384
2.732109
2.761778
2.855776
2.793484
2.86372
2.833913
2.725511
2.80843
2.822746
2.778332
2.704876
2.686306
2.440404
2.619576
2.704923
2.374466
2.124598
2.545183
2.785595
2.739957
2.470235
2.549298
2.841085
2.57301
2.676504
2.836763
2.685063
2.733951
2.798766
2.58081
2.73289
2.633597
3.005926
2.557818
2.941115
2.553197
2.926268
2.620694
2.63123
2.975424
2.592958
3.00131
2.877885
3.046246
2.986475
3.000592
2.833885
2.725374
2.756448
3.177317
3.178339
3.193062
3.187577
2.754178
3.074977
3.110856
3.008899
3.071187
2.950085
2.917977
3.139841
2.860772
2.812524
3.092305
2.990901
2.919847
2.846252
2.976037
2.990963
2.9999
2.859032
2.774648
2.741856
2.993382
2.946301
3.049879
2.842584
2.951776
2.839191
2.809796
2.979042
2.960776
3.103992
2.77566
2.918281
3.239125
3.142038
3.193465
3.291576
3.320414
3.243755
3.152658
3.091243
2.971186
3.122433
3.341825
3.081634
3.21347
3.205464
3.082181
3.239922
2.846202
3.125336
3.14198
2.855492
3.026001
3.253582
3.149326
2.974278
2.9901
3.212779
3.156419
3.496098
3.019703
3.123148
2.676028
3.144181
2.531215
3.093229
3.024532
3.365964
2.042551
3.161198
3.231139
3.077978
3.374252
3.211902
3.104806
3.28229
3.236799
3.09232
3.305788
3.142161
3.392578
3.159898
3.481895
3.415594
3.374399
3.386346
3.30515
3.454888
3.588203
3.661417
3.491485
3.422245
3.432419
3.564315
3.452663
3.497515
3.533552
3.708031
3.573007
3.589151
3.406837
3.796159
3.742349
3.814265
3.626968
3.664847
3.719152
4.04826
3.699268
4.03299
3.898001
4.080448
4.110494
3.998959
3.871943
4.274012
4.210056
4.146979
4.278211
4.007708
4.089602
4.421174
4.429514
4.421173
4.08325
4.200984
4.116362
3.959986
3.970382
4.323112
4.165705
4.311818
4.173738
4.237219
4.040308
4.322252
4.082425
4.137599
4.124131
4.508981
4.505951
4.37385
4.084107
4.229643
4.336298
4.180556
4.200699
4.127191
4.309268
3.686453
4.089855
3.698752
4.342689
4.035114
4.174634
4.064926
3.77384
4.364874
4.149145
4.295411
4.122221
4.196071
3.758987
4.264717
4.275613
4.423651
4.410451
4.537015
4.556942
4.485466
4.467676
4.45441
4.134806
4.275341
4.510299
4.24566
4.265995
4.245838
4.290129
4.360855
4.494124
4.506974
4.155139
4.520843
4.474315
4.540496
4.243481
4.435452
4.460413
4.496845
3.844287
4.455514
4.677626
4.736403
4.697523
4.374621
4.485073
4.40549
4.52832
4.412272
4.549587
4.565823
4.654434
4.667973
4.308368
4.368
4.484987
4.604797
4.583815
4.456098
4.580112
4.343936
4.553517
4.71688
4.644237
4.436699
4.604512
4.592409
4.694607
4.503221
4.661229
4.589174
4.528606
4.740641
4.854563
4.388854
4.668594
4.762912
4.424412
4.399842
4.692205
4.752469
4.659842
4.725477
4.627783
4.555027
4.304501
4.653367
4.648196
4.69094
4.585869
4.504321
4.761758
4.697943
4.433695
4.775205
3.867062
3.812926
4.758119
4.603883
4.535997
4.903516
4.841601
4.624263
4.778643
4.707717
4.838299
4.944454
4.65183
4.768487
4.739681
4.767761
4.83999
4.847282
4.926818
4.897867
4.867068
5.012795
5.124134
4.894965
4.828485
4.739898
4.999992
4.965619
4.877455
5.088716
5.087698
4.970682
5.086878
4.817742
4.697488
4.879692
4.96181
4.736732
4.758426
4.972844
4.741656
5.137888
4.928659
4.995681
5.109489
4.872023
4.940741
4.937738
4.990101
4.877298
5.006601
4.869427
4.860656
4.957853
5.117731
5.126955
4.961496
4.968907
4.898346
5.19578
5.116921
4.902815
5.200456
5.14957
5.063163
5.193545
5.025268
5.121796
5.035364
5.022866
3.55314
4.954308
3.675165
5.09528
3.646301
5.040865
5.184009
3.575135
5.130286
5.102923
5.18443
5.518809
5.366951
5.480955
5.473266
5.485914
5.449114
5.386461
5.39584
5.521274
5.510536
5.401707
5.375969
3.523821
5.481789
5.19609
5.174443
5.1202
5.107891
5.377323
5.040853
5.119442
5.113703
5.344312
5.344378
5.316635
5.275501
5.201658
5.229608
5.167221
5.242358
5.507312
5.118726
5.230172
5.271043
4.438051
5.101427
5.096487
5.160171
5.306689
4.24323
5.184297
5.388107
5.111966
3.891057
3.708376
3.53786
3.747613
3.686228
3.641259
3.647827
5.354592
5.468899
5.414901
5.467014
5.217516
5.25472
5.482044
3.701369
3.682454
5.506768
5.303445
4.323855
5.541024
5.257388
5.333281
5.070588
5.565767
5.558286
5.39353
5.480175
5.495304
5.372084
5.793626
5.750913
5.718624
5.673208
5.696289
5.607137
5.502144
5.859104
3.844385
3.841854
3.858394
3.95215
5.80089
3.792777
5.867212
5.839436
5.70323
5.531473
5.83102
5.618927
5.617912
5.849465
3.873838
4.100897
3.887827
4.052268
4.023985
3.830934
4.033467
4.028093
5.632375
3.91901
4.011437
5.697279
5.830875
5.726315
5.884636
5.802825
5.762268
5.56054
5.52285
5.680492
6.035374
5.958437
5.771816
6.004166
6.053259
5.88469
5.72143
5.964469
5.741467
5.619386
5.560251
3.982813
3.803301
4.104809
3.989815
3.982522
4.068211
3.991811
3.828299
3.923509
3.873653
3.827303
3.960886
3.796949
3.728366
3.833307
3.808964
3.842303
3.97558
3.672754
3.749311
3.746313
3.853303
3.676753
3.828952
3.827954
3.765837
3.722757
3.868301
3.749286
3.637364
3.744281
3.77531
3.635563
3.739111
3.972879
3.853312
3.760648
3.861312
3.752543
3.763796
3.895662
3.869056
3.991233
3.727465
3.736471
3.829196
3.811028
3.735474
3.740467
3.793002
3.892667
3.911761
3.752469
3.840713
3.827609
3.690431
3.638074
3.719313
6.032881
6.091043
6.027152
6.07264
5.703538
5.738161
6.07087
5.87299
6.053885
6.05388
6.110502
3.938669
3.818471
3.875174
3.82547
3.796463
3.844999
3.840415
3.651377
3.803473
3.873629
3.875922
3.862038
3.618673
3.704636
3.651396
3.733482
3.826502
3.89512
3.895629
3.851501
3.864502
3.795346
6.129704
5.82412
5.943586
6.03729
6.253564
5.971644
5.895837
6.196843
5.953824
6.169552
5.809889
6.159073
5.865799
5.822478
3.629413
5.947436
6.087118
5.934747
5.914661
6.1588
6.044022
5.878003
5.889798
6.247085
6.138701
6.037217
6.066677
5.994074
6.181664
6.100405
6.301877
6.329639
5.951072
5.860326
5.908347
6.267965
5.958002
3.680882
3.686184
3.676563
3.685719
6.13559
5.954227
5.390135
5.925535
6.013013
5.904346
6.049672
5.963322
5.947167
6.087394
6.317445
4.843049
6.32152
6.335548
6.125315
6.154468
6.309715
6.182384
5.061728
6.21531
3.919366
6.338932
6.350102
3.917034
3.921526
6.311724
6.194125
6.299822
4.442363
4.952342
4.601677
4.648409
4.680622
4.462912
4.603677
4.428308
4.604929
4.303145
4.334768
4.2646
4.264618
4.142686
4.179672
4.363074
4.360137
4.393315
4.496604
4.10958
4.117462
4.149128
4.148134
4.185895
4.195946
4.539306
4.48908
4.495067
4.496084
4.606673
4.634954
4.39848
4.355411
4.359905
4.348829
4.427697
4.461236
4.490271
4.511277
4.506135
4.434977
4.439204
4.39879
4.449632
4.436826
4.473702
4.629663
4.497635
4.562457
4.555787
4.521608
4.581544
4.596332
4.462883
4.452882
4.281693
4.641566
4.137317
4.479607
4.475036
4.327282
4.48297
3.919317
3.881362
4.001918
3.976023
3.961355
3.989824
3.992477
4.068637
3.994331
4.010638
3.954031
3.928425
3.960031
3.911882
3.960504
3.949532
4.462663
3.945184
3.970826
3.963115
3.89038
4.001114
3.911958
3.807034
3.781782
3.733037
4.090349
3.719184
3.764892
3.999308
4.030772
4.21253
4.218531
3.713903
4.068698
3.715674
4.187388
4.203149
4.078924
4.201923
4.020234
3.933791
3.970743
4.195244
3.908353
4.047387
3.86485
3.86603
4.272022
4.305365
4.277051
4.270098
4.360481
4.355506
4.355799
4.356437
4.140393
4.244828
4.06381
4.421815
4.581826
4.58883
4.529141
4.285887
4.422815
4.592823
4.482685
4.549738
3.484855
4.29362
4.573197
4.291454
4.520993
4.772692
4.853918
4.305658
4.29919
4.519124
4.024473
4.446587
4.794147
4.767019
4.891017
4.81978
4.810492
4.681779
4.62141
4.709629
5.010847
5.000043
4.569643
5.125706
5.024429
5.136367
5.139465
4.777044
4.721936
4.630568
4.846684
4.140634
4.892386
4.686137
4.993277
4.909532
3.350307
3.327726
5.219906
4.97686
5.1077
4.738883
4.866184
4.688545
5.09429
4.665867
4.878217
4.823826
4.744679
4.805785
4.834705
5.139821
4.945737
4.950592
4.921789
4.695714
4.879932
4.838023
3.808128
4.779111
4.725279
4.900268
4.766067
3.548614
4.724279
3.233221
4.774148
4.956792
4.874906
5.298392
4.919531
4.888617
4.849754
3.541807
4.8647
3.631553
3.774535
3.548284
3.782931
3.674554
5.092577
3.677447
3.601
4.992903
4.925476
5.209162
3.959834
4.053977
3.612876
3.611933
5.403135
3.795137
4.655629
3.722943
3.98908
4.002074
3.433497
3.657234
3.403252
3.413802
5.244757
3.567269
3.66053
3.562296
3.519159
4.634136
3.773286
3.509288
3.258019
3.241123
3.098768
3.085403
3.246032
3.227854
3.652865
3.691053
3.607687
3.68337
3.37415
3.620248
3.688574
3.729736
3.213227
3.653167
3.261972
3.804067
3.408342
3.714948
3.523311
3.384783
3.35546
3.366985
3.597594
3.316022
3.317318
3.864979
4.031234
4.002506
3.644285
3.898297
4.022876
4.505954
4.682467
4.433797
4.422906
8.128897
8.445948
8.443664
8.306272
8.404031
7.97066
7.918927
7.931899
7.859304
7.983677
8.109338
8.135263
8.135264
8.052007
8.80009
8.282436
8.308113
4.9581
8.331495
8.355776
8.31622
8.431208
8.447207
8.294619
8.219804
8.187264
8.029217
8.181125
8.234
8.054665
8.106093
8.219791
8.228794
8.060732
8.279071
8.427438
8.301645
7.906478
4.806096
4.792225
5.213615
5.346053
5.301673
5.159846
5.043173
5.308755
5.352488
4.964811
8.433253
8.449628
8.576413
8.457903
8.462729
8.590174
8.271681
8.591952
8.298889
8.510622
8.280394
8.317545
8.123591
8.270975
8.211111
8.180852
8.322407
8.116747
8.573902
8.671913
8.30604
8.476369
11.509429
11.253268
11.17054
11.486081
11.282233
11.306639
11.470442
11.417671
11.345911
8.118356
11.612959
11.695839
11.650478
11.697407
11.583171
11.576906
11.269296
11.385678
11.540932
11.818013
11.795927
11.81555
12.459847
11.911055
11.882288
11.857914
11.810994
11.91055
11.603433
11.823765
11.890255
11.951206
11.913743
11.73487
11.900931
12.052159
11.880259
11.947561
11.869401
11.952761
11.782018
12.148404
11.776216
12.080865
11.832078
12.137079
12.015274
11.705477
12.075304
12.098081
12.107456
11.963441
12.098269
11.881548
12.033845
12.066332
11.902281
11.742605
11.94656
12.14678
11.741307
11.938946
11.990345
12.161419
12.102663
12.271602
12.182221
12.06495
11.925136
12.058625
12.334256
12.28581
12.243636
12.378917
12.38616
12.446382
12.260631
12.258635
12.149872
12.501238
12.431647
12.510031
12.48096
11.999843
12.399685
12.221482
12.466394
12.460447
12.481275
12.344469
12.327511
12.365009
12.266955
12.258192
12.423622
12.201584
12.20756
12.096469
12.350036
12.066521
12.0169
12.236328
12.542134
12.127352
12.14435
12.29738
12.266963
12.442242
12.03935
12.236469
12.515454
12.456305
12.278168
12.07734
12.195699
12.130013
12.107342
12.281221
12.431837
12.631035
12.131665
12.326577
12.266076
12.597206
12.474804
12.491006
12.51652
12.324313
10.917191
12.542151
12.246218
12.451212
12.570359
12.570361
12.798215
12.733423
12.715888
12.63376
12.295823
12.555345
12.372006
12.355998
12.350958
12.343667
12.772173
12.780481
12.740707
12.725118
12.697214
12.734505
12.723661
12.710959
12.654067
12.640116
12.641115
12.801749
12.755202
12.525335
12.510657
12.498545
12.911506
12.614059
12.611524
12.366191
12.9122
12.691198
12.618789
12.699836
12.803675
12.623694
12.567166
12.56885
12.600336
12.839764
12.473186
12.836657
12.40528
12.624048
12.571012
12.651662
12.468558
12.596503
12.64436
12.663917
12.653007
12.626851
12.711948
12.761906
12.560254
12.682951
12.670442
12.599748
11.531571
12.557781
12.92101
12.995047
12.87625
12.982797
12.844332
12.765652
12.78126
13.056653
12.610276
12.618947
12.883705
12.612754
12.833517
12.839715
12.943586
13.075046
12.886222
12.751992
12.884456
13.103654
12.614031
12.821238
13.533473
12.963895
12.878932
12.902451
12.968852
12.928489
12.737063
12.817161
13.137211
13.098074
13.171049
13.134141
12.82033
12.974616
12.756091
12.836556
12.819714
13.000081
12.74664
12.849076
12.950214
12.885212
13.052631
13.246911
12.856841
12.838165
13.083698
13.005639
13.104699
12.979147
13.026684
13.042778
13.037429
13.041432
12.1654
13.205465
13.039577
13.015752
13.00776
11.929239
12.985409
12.972886
11.841064
13.242159
11.827002
13.01131
13.033358
13.380817
13.311766
13.212299
13.405967
13.120448
13.221461
13.215782
13.096004
13.435342
13.49629
13.25767
13.125906
13.171455
13.4083
13.706334
13.352421
13.312383
13.286242
13.296773
13.307489
13.290233
13.227782
13.247764
13.368476
13.540925
13.196376
13.165959
13.64672
13.651551
13.568464
13.362041
13.301597
13.221161
11.904878
11.894888
11.893889
13.226703
13.655858
13.442892
13.242604
13.670123
13.254208
12.352914
13.664104
13.556154
13.291112
13.684672
13.394109
13.264985
13.30598
13.260636
12.542857
13.26564
13.296368
12.147746
13.329671
12.112762
12.111089
13.488448
12.032774
12.044661
11.972075
11.71611
13.536535
13.563737
13.324824
13.506115
13.512172
13.336467
13.716844
13.450884
13.788555
13.618613
13.650714
13.468886
13.392785
13.408686
13.752702
13.91658
13.35732
13.644097
13.412671
13.666708
13.492372
13.521526
13.480036
13.454795
13.462897
13.631653
13.56734
13.945233
13.591433
13.948784
13.85313
13.705098
13.748424
13.500843
13.715973
13.719769
13.575782
13.486966
13.568077
13.744866
